   1.9257558e-06
   8.5397029e-06
   2.1508062e-05
   4.3311853e-05
   7.5109372e-05
   1.1727236e-04
   1.7251097e-04
   2.4339387e-04
   3.3006824e-04
   4.3257768e-04
   5.5167705e-04
   6.8726584e-04
   8.4201657e-04
   1.0197733e-03
   1.2215333e-03
   1.4490001e-03
   1.7022780e-03
   1.9797792e-03
   2.2823880e-03
   2.6103910e-03
   2.9641073e-03
   3.3447787e-03
   3.7518475e-03
   4.1846020e-03
   4.6461797e-03
   5.1405367e-03
   5.6698027e-03
   6.2374845e-03
   6.8438794e-03
   7.4876017e-03
   8.1714282e-03
   8.8974402e-03
   9.6646006e-03
   1.0472080e-02
   1.1318955e-02
   1.2203033e-02
   1.3125842e-02
   1.4089999e-02
   1.5094376e-02
   1.6138621e-02
   1.7223667e-02
   1.8349686e-02
   1.9517751e-02
   2.0729479e-02
   2.1983720e-02
   2.3278757e-02
   2.4614822e-02
   2.5991414e-02
   2.7411539e-02
   2.8880304e-02
   3.0399576e-02
   3.1972534e-02
   3.3600926e-02
   3.5284887e-02
   3.7028335e-02
   3.8835107e-02
   4.0703933e-02
   4.2632945e-02
   4.4622101e-02
   4.6669531e-02
   4.8778310e-02
   5.0953754e-02
   5.3195511e-02
   5.5504374e-02
   5.7871366e-02
   6.0281201e-02
   6.2726913e-02
   6.5197422e-02
   6.7686163e-02
   7.0190892e-02
   7.2697634e-02
   7.5192444e-02
   7.7677094e-02
   8.0155158e-02
   8.2624002e-02
   8.5086463e-02
   8.7529321e-02
   8.9931822e-02
   9.2291027e-02
   9.4600006e-02
   9.6858311e-02
   9.9074716e-02
   1.0124493e-01
   1.0336710e-01
   1.0544140e-01
   1.0746373e-01
   1.0943751e-01
   1.1136747e-01
   1.1323817e-01
   1.1502925e-01
   1.1673090e-01
   1.1832617e-01
   1.1981399e-01
   1.2120223e-01
   1.2247717e-01
   1.2362852e-01
   1.2466461e-01
   1.2559372e-01
   1.2642302e-01
   1.2716725e-01
   1.2782034e-01
   1.2836955e-01
   1.2882430e-01
   1.2918978e-01
   1.2946184e-01
   1.2964027e-01
   1.2972082e-01
   1.2969547e-01
   1.2957353e-01
   1.2936847e-01
   1.2908059e-01
   1.2871473e-01
   1.2825622e-01
   1.2767789e-01
   1.2697171e-01
   1.2612237e-01
   1.2512171e-01
   1.2397072e-01
   1.2264934e-01
   1.2113770e-01
   1.1944591e-01
   1.1758795e-01
   1.1556658e-01
   1.1339524e-01
   1.1105895e-01
   1.0852959e-01
   1.0581210e-01
   1.0290490e-01
   9.9824211e-02
   9.6606077e-02
   9.3260456e-02
   8.9804767e-02
   8.6256958e-02
   8.2625799e-02
   7.8941070e-02
   7.5235286e-02
   7.1498345e-02
   6.7711730e-02
   6.3878820e-02
   5.9988422e-02
   5.6066918e-02
   5.2160976e-02
   4.8270977e-02
   4.4406337e-02
   4.0570790e-02
   3.6748459e-02
   3.2949842e-02
   2.9183157e-02
   2.5444567e-02
   2.1736341e-02
   1.8053253e-02
   1.4385571e-02
   1.0763625e-02
   7.2300289e-03
   3.8027313e-03
   5.1370660e-04
  -2.6333192e-03
  -5.6526018e-03
  -8.5164413e-03
  -1.1202946e-02
  -1.3736352e-02
  -1.6144683e-02
  -1.8447673e-02
  -2.0683513e-02
  -2.2843848e-02
  -2.4903276e-02
  -2.6890327e-02
  -2.8824497e-02
  -3.0696548e-02
  -3.2504574e-02
  -3.4241442e-02
  -3.5888906e-02
  -3.7474317e-02
  -3.9037890e-02
  -4.0582018e-02
  -4.2120857e-02
  -4.3625139e-02
  -4.5034546e-02
  -4.6335662e-02
  -4.7498820e-02
  -4.8507237e-02
  -4.9365123e-02
  -5.0029778e-02
  -5.0458004e-02
  -5.0678992e-02
  -5.0732687e-02
  -5.0629932e-02
  -5.0407340e-02
  -5.0034803e-02
  -4.9450308e-02
  -4.8671285e-02
  -4.7699889e-02
  -4.6547834e-02
  -4.5260159e-02
  -4.3838565e-02
  -4.2288829e-02
  -4.0640494e-02
  -3.8914712e-02
  -3.7143306e-02
  -3.5367174e-02
  -3.3565924e-02
  -3.1700652e-02
  -2.9773270e-02
  -2.7765239e-02
  -2.5701499e-02
  -2.3636084e-02
  -2.1559972e-02
  -1.9474016e-02
  -1.7391557e-02
  -1.5307066e-02
  -1.3237294e-02
  -1.1203302e-02
  -9.1974101e-03
  -7.2115290e-03
  -5.2488718e-03
  -3.3046024e-03
  -1.4065945e-03
   4.0137634e-04
   2.1042756e-03
   3.6760270e-03
   5.1056142e-03
   6.3973343e-03
   7.5232670e-03
   8.4579647e-03
   9.2358801e-03
   9.9042079e-03
   1.0488295e-02
   1.1037114e-02
   1.1548610e-02
   1.1997452e-02
   1.2426791e-02
   1.2870810e-02
   1.3314877e-02
   1.3749316e-02
   1.4166959e-02
   1.4542499e-02
   1.4915514e-02
   1.5347482e-02
   1.5840033e-02
   1.6411169e-02
   1.7031545e-02
   1.7631071e-02
   1.8199838e-02
   1.8710206e-02
   1.9141925e-02
   1.9498933e-02
   1.9733895e-02
   1.9796806e-02
   1.9728972e-02
   1.9587894e-02
   1.9390467e-02
   1.9185887e-02
   1.8942998e-02
   1.8590188e-02
   1.8154951e-02
   1.7646597e-02
   1.7062219e-02
   1.6430344e-02
   1.5739853e-02
   1.4974895e-02
   1.4165164e-02
   1.3339827e-02
   1.2513213e-02
   1.1712840e-02
   1.0918421e-02
   1.0087624e-02
   9.2211687e-03
   8.3044526e-03
   7.3446519e-03
   6.3717744e-03
   5.3705678e-03
   4.3299527e-03
   3.2715005e-03
   2.2123854e-03
   1.1698322e-03
   1.7282688e-04
  -7.8447237e-04
  -1.7183100e-03
  -2.6118493e-03
  -3.4561995e-03
  -4.2439586e-03
  -4.9570831e-03
  -5.5926937e-03
  -6.1491512e-03
  -6.6087313e-03
  -6.9541893e-03
  -7.1735701e-03
  -7.2503987e-03
  -7.2100729e-03
  -7.0967145e-03
  -6.9253369e-03
  -6.7270774e-03
  -6.5089738e-03
  -6.2603004e-03
  -6.0164657e-03
  -5.8100342e-03
  -5.6246466e-03
  -5.4416060e-03
  -5.2557284e-03
  -5.0443445e-03
  -4.8376484e-03
  -4.6878129e-03
  -4.5912424e-03
  -4.5572378e-03
  -4.5726086e-03
  -4.5946625e-03
  -4.6224782e-03
  -4.6466560e-03
  -4.6515304e-03
  -4.6347895e-03
  -4.5695093e-03
  -4.4243448e-03
  -4.2295789e-03
  -4.0297474e-03
  -3.8369711e-03
  -3.6848873e-03
  -3.5576478e-03
  -3.4117596e-03
  -3.2692618e-03
  -3.1412361e-03
  -3.0165651e-03
  -2.8992209e-03
  -2.7757934e-03
  -2.6242527e-03
  -2.4614567e-03
  -2.3097245e-03
  -2.1659220e-03
  -2.0367518e-03
  -1.9127682e-03
  -1.7703239e-03
  -1.6103724e-03
  -1.4292558e-03
  -1.2203720e-03
  -9.8518942e-04
  -7.1306418e-04
  -3.9181358e-04
  -3.8733261e-05
   3.2211472e-04
   6.8059154e-04
   1.0158622e-03
   1.3286010e-03
   1.6310177e-03
   1.9048678e-03
   2.1358760e-03
   2.3313245e-03
   2.4961164e-03
   2.6346995e-03
   2.7595835e-03
   2.8560466e-03
   2.9005810e-03
   2.8951040e-03
   2.8349172e-03
   2.7284057e-03
   2.5982627e-03
   2.4463224e-03
   2.2791839e-03
   2.1055988e-03
   1.9274447e-03
   1.7597924e-03
   1.6197250e-03
   1.4959351e-03
   1.3713281e-03
   1.2432795e-03
   1.0994194e-03
   9.5081725e-04
   8.2135188e-04
   7.0497900e-04
   6.0104788e-04
   5.1014882e-04
   4.2222433e-04
   3.4076192e-04
   2.6961794e-04
   2.0124002e-04
   1.2957762e-04
   4.9538378e-05
  -4.7543407e-05
  -1.5154940e-04
  -2.4520162e-04
  -3.2537778e-04
  -3.8264380e-04
  -4.1869272e-04
  -4.4397134e-04
  -4.5006572e-04
  -4.3081392e-04
  -3.9371191e-04
  -3.4469406e-04
  -2.8991267e-04
  -2.4066941e-04
  -1.9290239e-04
  -1.3799910e-04
  -8.2198004e-05
  -2.8320171e-05
   2.3252146e-05
   6.8078887e-05
   1.0728703e-04
   1.4321842e-04
   1.6950716e-04
   1.7904415e-04
   1.6925951e-04
   1.3522529e-04
   8.3241696e-05
   2.5557680e-05
  -3.5330085e-05
  -9.2857879e-05
  -1.4532625e-04
  -1.9605087e-04
  -2.3674729e-04
  -2.5958882e-04
  -2.7090506e-04
  -2.7827810e-04
  -2.8481301e-04
  -2.9869310e-04
  -3.1412950e-04
  -3.1926441e-04
  -3.1788714e-04
  -3.1054068e-04
  -2.9712132e-04
  -2.8288892e-04
  -2.6584345e-04
  -2.4361154e-04
  -2.2043955e-04
  -1.9994918e-04
  -1.8445605e-04
  -1.7822974e-04
  -1.7727222e-04
  -1.7420753e-04
  -1.6839895e-04
  -1.5651795e-04
  -1.3941453e-04
  -1.2173467e-04
  -1.0025559e-04
  -7.2565313e-05
  -4.1433808e-05
  -8.6988833e-06
   2.3503504e-05
   5.1167928e-05
   7.6170539e-05
   1.0205230e-04
   1.2701332e-04
   1.5063042e-04
   1.7259024e-04
   1.9083588e-04
   2.0593534e-04
   2.1864628e-04
   2.2720087e-04
   2.3000532e-04
   2.2624547e-04
   2.1441913e-04
   1.9643290e-04
   1.7573437e-04
   1.5307910e-04
   1.3042289e-04
   1.0817603e-04
   8.5312630e-05
   6.4153626e-05
   4.6837493e-05
   3.1997066e-05
   1.8135224e-05
   4.6655139e-06
  -1.0244801e-05
  -2.4811047e-05
  -3.5768711e-05
  -4.3703509e-05
  -4.8339036e-05
  -5.0083436e-05
  -5.1008915e-05
  -5.0855397e-05
  -4.9597825e-05
  -4.8266211e-05
  -4.7361409e-05
  -4.8032473e-05
  -5.1822435e-05
  -5.7249062e-05
  -6.1957553e-05
  -6.5480470e-05
  -6.6322641e-05
  -6.5102114e-05
  -6.3800790e-05
  -6.1316456e-05
  -5.7002413e-05
  -5.1573574e-05
  -4.5146409e-05
  -3.8435294e-05
  -3.2667150e-05
  -2.7090947e-05
  -2.0576097e-05
  -1.3477254e-05
  -5.6650382e-06
   2.4890089e-06
   9.9400613e-06
   1.6752333e-05
   2.2865072e-05
   2.7800160e-05
   3.1353653e-05
   3.3034559e-05
   3.2212430e-05
   2.9591772e-05
   2.6271737e-05
   2.2580884e-05
   1.9323500e-05
   1.6442495e-05
   1.3340892e-05
   1.0773288e-05
   9.3438268e-06
   8.5587731e-06
   7.9802261e-06
   7.2869693e-06
   5.7520783e-06
   3.9268042e-06
   2.8079513e-06
   2.1338370e-06
   1.9473182e-06
   2.1940481e-06
   2.3421523e-06
   2.5573142e-06
   2.9914853e-06
   3.3241889e-06
   3.3443554e-06
   2.8298171e-06
   1.4134865e-06
  -5.3263808e-07
  -2.3797481e-06
  -4.0340865e-06
  -5.1586779e-06
  -5.8318881e-06
  -6.4580048e-06
  -6.7361843e-06
  -6.4485177e-06
  -5.8194736e-06
  -4.9853636e-06
  -4.1260413e-06
  -3.5838937e-06
  -3.1760365e-06
  -2.5765228e-06
  -1.9291373e-06
  -1.2547620e-06
  -5.5105126e-07
   3.7700734e-08
   5.9080987e-07
   1.2106460e-06
   1.7632998e-06
   2.1228634e-06
   2.2528122e-06
   2.0537013e-06
   1.6258278e-06
   1.1696041e-06
   6.9793273e-07
   2.8770916e-07
  -4.1753017e-08
  -3.5600892e-07
  -5.4797755e-07
  -5.1541091e-07
  -3.5174736e-07
  -1.6107406e-07
   8.0024841e-09
   3.8050930e-08
  -4.5416871e-09
   2.3967179e-08
   6.3154488e-08
   9.4699966e-08
   1.3670456e-07
   1.4961077e-07
   1.7102223e-07
   2.5492715e-07
   3.4903636e-07
   3.9674145e-07
   3.9279493e-07
   3.0386230e-07
   1.6034270e-07
   3.1410249e-08
  -8.7412732e-08
  -1.8193087e-07
  -2.4674886e-07
  -3.0612645e-07
  -3.3353414e-07
  -3.0255842e-07
  -2.3807459e-07
  -1.6450767e-07
  -9.4584250e-08
  -5.8332158e-08
  -4.1301621e-08
  -1.1481452e-08
   1.5128692e-08
   3.2611955e-08
   4.6743581e-08
   5.1256867e-08
   5.5964753e-08
   7.5872324e-08
   9.8771768e-08
   1.1001458e-07
   1.1107501e-07
   9.6591851e-08
   7.1131327e-08
   4.7844536e-08
   2.4294808e-08
   6.1540483e-10
  -1.9749429e-08
  -3.7933454e-08
  -4.9021561e-08
  -4.6804724e-08
  -3.6671301e-08
  -2.5803598e-08
  -1.5823067e-08
  -1.2115079e-08
  -1.2132961e-08
  -8.9016957e-09
  -5.9460680e-09
  -5.0544654e-09
  -4.5460101e-09
  -5.1932201e-09
  -5.0093429e-09
  -6.8784622e-10
   5.0854410e-09
   8.8215524e-09
   1.0872564e-08
   1.0069524e-08
   7.2568820e-09
   5.2245148e-09
   3.2660871e-09
   1.1784711e-09
  -5.0247117e-10
  -2.2961770e-09
  -3.4358176e-09
  -2.9006505e-09
  -1.5193444e-09
  -2.3325975e-10
   7.7090834e-10
   7.4759982e-10
   1.3541190e-10
  -7.6070344e-12
  -7.6974730e-11
  -1.9390255e-10
  -2.2281849e-10
  -4.5228644e-10
  -6.2351648e-10
  -3.7250210e-10
   2.6046839e-11
   3.1303884e-10
   4.9753085e-10
   4.2572409e-10
   2.0003314e-10
   8.2678969e-11
  -4.4134109e-14
  -6.1097468e-11
  -7.6498665e-11
  -1.3154985e-10
  -1.7207194e-10
  -1.3082781e-10
  -5.8722053e-11
   1.1189643e-11
   6.7259475e-11
   6.5082713e-11
   3.1518006e-11
   1.9492889e-11
   1.1563636e-11
   7.0678604e-12
   8.8626236e-12
  -2.8913163e-12
  -1.5410058e-11
  -1.3344561e-11
  -6.7502835e-12
  -8.8542384e-13
   4.5479726e-12
   3.5437109e-12
  -5.2960909e-13
  -6.2780905e-13
   7.3552003e-14
   2.4614372e-13
   8.9075047e-13
   3.0362791e-13
  -6.5677710e-13
  -4.7865877e-13
  -6.4666467e-14
   8.6854434e-14
   2.4222697e-13
   1.5605189e-13
  -6.6085202e-14
  -7.2407499e-14
  -2.2409903e-14
  -1.6077268e-14
   1.5107837e-14
   1.6401868e-14
  -3.7997166e-15
  -1.8648744e-15
   5.9449318e-16
  -1.1782958e-15
   3.8939868e-16
   4.4594496e-16
  -3.1039715e-16
  -4.4109289e-17
   7.6567576e-17
  -7.7357476e-18
  -6.9320891e-18
   1.5632289e-18
