   1.5478688e-04
   6.8639750e-04
   1.7287581e-03
   3.4812859e-03
   6.0370818e-03
   9.4260254e-03
   1.3865951e-02
   1.9563320e-02
   2.6529964e-02
   3.4769387e-02
   4.4342263e-02
   5.5240512e-02
   6.7678944e-02
   8.1966534e-02
   9.8183443e-02
   1.1646658e-01
   1.3613796e-01
   1.5608532e-01
   1.7578586e-01
   1.9437830e-01
   2.1147543e-01
   2.2704457e-01
   2.4007492e-01
   2.4959371e-01
   2.5580068e-01
   2.5899825e-01
   2.5908857e-01
   2.5638931e-01
   2.4997181e-01
   2.3835455e-01
   2.2140524e-01
   1.9868406e-01
   1.7138542e-01
   1.4189507e-01
   1.1096135e-01
   8.0000165e-02
   4.9811517e-02
   2.0417080e-02
  -6.2245423e-03
  -2.8133654e-02
  -4.6253192e-02
  -6.1949568e-02
  -7.5380156e-02
  -8.7733639e-02
  -9.7383359e-02
  -1.0134838e-01
  -9.9918796e-02
  -9.2713526e-02
  -8.0696578e-02
  -6.6608445e-02
  -5.0790737e-02
  -3.4132290e-02
  -1.7809635e-02
  -2.2150645e-03
   1.0670986e-02
   1.8599033e-02
   2.3151612e-02
   2.6781236e-02
   2.9910888e-02
   3.4295145e-02
   3.8508267e-02
   3.9356310e-02
   3.7771812e-02
   3.3961790e-02
   2.8037355e-02
   2.1617198e-02
   1.4427019e-02
   6.1815705e-03
  -1.8743298e-03
  -8.7213318e-03
  -1.3371840e-02
  -1.4340461e-02
  -1.2872287e-02
  -1.1217854e-02
  -9.6032475e-03
  -9.1706214e-03
  -9.3669712e-03
  -8.3499559e-03
  -7.0470264e-03
  -6.0299498e-03
  -4.8695790e-03
  -3.7952277e-03
  -2.4007569e-03
   6.3316067e-05
   2.7826260e-03
   4.7011876e-03
   5.7410032e-03
   5.4075360e-03
   4.1224323e-03
   2.9705248e-03
   1.8624465e-03
   9.8931226e-04
   3.9816476e-04
  -3.4780096e-04
  -8.6054568e-04
  -7.5652056e-04
  -3.6151640e-04
   5.9739236e-05
   3.5442286e-04
   1.3874593e-04
  -3.2345319e-04
  -5.3309538e-04
  -6.2893057e-04
  -5.9293991e-04
  -4.2652415e-04
  -3.5910729e-04
  -2.7896292e-04
  -6.7198991e-05
   1.6180336e-04
   3.5056328e-04
   4.5897498e-04
   3.8370690e-04
   2.0482649e-04
   6.2030880e-05
  -5.3776076e-05
  -1.0032351e-04
  -9.3108561e-05
  -1.1826721e-04
  -1.3136189e-04
  -9.9527204e-05
  -5.2300454e-05
   7.5904823e-06
   5.8153901e-05
   5.6978808e-05
   3.0573262e-05
   1.7930999e-05
   7.4624588e-06
   4.2704936e-06
   7.3827223e-06
  -2.1603455e-06
  -1.2350769e-05
  -1.0902110e-05
  -6.0689666e-06
  -1.0395462e-06
   3.8330883e-06
   2.9919729e-06
  -3.9860657e-07
  -4.7827519e-07
   4.8856947e-08
   2.0496172e-07
   7.6977766e-07
   2.5711576e-07
  -5.6441750e-07
  -4.1072758e-07
  -5.6905210e-08
   7.4668708e-08
   2.0900498e-07
   1.3443098e-07
  -5.6968134e-08
  -6.2383217e-08
  -1.9309266e-08
  -1.3852816e-08
   1.3017516e-08
   1.4132504e-08
  -3.2739875e-09
  -1.6068502e-09
   5.1223905e-10
  -1.0152667e-09
   3.3552145e-10
   3.8424398e-10
  -2.6745057e-10
  -3.8006324e-11
   6.5973679e-11
  -6.6654289e-12
  -5.9729646e-12
   1.3469404e-12
