   1.2441337e-02
   5.5170716e-02
   1.3895275e-01
   2.7981605e-01
   4.3007308e-01
   5.1298484e-01
   4.9832488e-01
   3.3160971e-01
   8.6306352e-02
  -9.6330191e-02
  -1.9761101e-01
  -1.5559773e-01
  -2.6023161e-02
   4.5238977e-02
   7.7239284e-02
   5.4328271e-02
  -8.9110429e-03
  -2.3633607e-02
  -1.7364077e-02
  -1.0398453e-02
   7.0790633e-03
   7.5871536e-03
  -1.3985528e-04
  -5.7720593e-05
  -7.0721256e-04
  -9.9144784e-04
   5.4117848e-04
   3.0561191e-04
  -2.5326827e-04
  -2.7601221e-05
   5.6845555e-05
  -5.7431995e-06
  -5.1465447e-06
   1.1605776e-06
