   2.3958977e-08
   1.0624533e-07
   2.6758906e-07
   5.3885737e-07
   9.3446104e-07
   1.4590250e-06
   2.1462672e-06
   3.0281453e-06
   4.1064903e-06
   5.3818449e-06
   6.8636003e-06
   8.5505063e-06
   1.0475812e-05
   1.2687344e-05
   1.5197508e-05
   1.8027499e-05
   2.1178615e-05
   2.4631101e-05
   2.8395959e-05
   3.2476756e-05
   3.6877459e-05
   4.1613520e-05
   4.6678001e-05
   5.2062046e-05
   5.7804690e-05
   6.3955152e-05
   7.0539929e-05
   7.7602649e-05
   8.5147013e-05
   9.3155780e-05
   1.0166350e-04
   1.1069606e-04
   1.2024056e-04
   1.3028668e-04
   1.4082294e-04
   1.5182205e-04
   1.6330303e-04
   1.7529844e-04
   1.8779422e-04
   2.0078603e-04
   2.1428545e-04
   2.2829463e-04
   2.4282693e-04
   2.5790244e-04
   2.7350688e-04
   2.8961887e-04
   3.0624130e-04
   3.2336795e-04
   3.4103620e-04
   3.5930961e-04
   3.7821138e-04
   3.9778108e-04
   4.1804046e-04
   4.3899119e-04
   4.6068201e-04
   4.8316067e-04
   5.0641137e-04
   5.3041085e-04
   5.5515861e-04
   5.8063139e-04
   6.0686741e-04
   6.3393285e-04
   6.6182330e-04
   6.9054865e-04
   7.2010343e-04
   7.5044990e-04
   7.8159330e-04
   8.1353267e-04
   8.4625023e-04
   8.7973857e-04
   9.1397335e-04
   9.4892278e-04
   9.8461704e-04
   1.0211030e-03
   1.0583895e-03
   1.0965063e-03
   1.1354365e-03
   1.1751338e-03
   1.2156167e-03
   1.2568930e-03
   1.2989628e-03
   1.3418478e-03
   1.3855433e-03
   1.4300422e-03
   1.4753639e-03
   1.5215263e-03
   1.5685411e-03
   1.6164277e-03
   1.6651673e-03
   1.7147248e-03
   1.7650956e-03
   1.8162623e-03
   1.8682280e-03
   1.9210141e-03
   1.9746033e-03
   2.0289823e-03
   2.0841974e-03
   2.1403060e-03
   2.1973463e-03
   2.2553808e-03
   2.3144181e-03
   2.3744443e-03
   2.4355142e-03
   2.4976729e-03
   2.5609205e-03
   2.6252637e-03
   2.6907088e-03
   2.7572453e-03
   2.8249256e-03
   2.8938225e-03
   2.9639525e-03
   3.0353482e-03
   3.1079932e-03
   3.1818307e-03
   3.2568642e-03
   3.3330786e-03
   3.4104686e-03
   3.4890541e-03
   3.5688016e-03
   3.6496757e-03
   3.7317320e-03
   3.8150415e-03
   3.8996361e-03
   3.9855799e-03
   4.0728562e-03
   4.1614084e-03
   4.2512785e-03
   4.3424907e-03
   4.4350190e-03
   4.5288525e-03
   4.6239621e-03
   4.7202982e-03
   4.8178827e-03
   4.9167526e-03
   5.0168839e-03
   5.1182688e-03
   5.2208999e-03
   5.3247499e-03
   5.4298204e-03
   5.5361148e-03
   5.6436033e-03
   5.7522557e-03
   5.8620530e-03
   5.9729669e-03
   6.0850335e-03
   6.1983188e-03
   6.3128394e-03
   6.4286357e-03
   6.5457126e-03
   6.6640462e-03
   6.7836820e-03
   6.9046606e-03
   7.0269441e-03
   7.1504890e-03
   7.2752733e-03
   7.4012462e-03
   7.5284376e-03
   7.6569105e-03
   7.7866397e-03
   7.9176180e-03
   8.0498602e-03
   8.1833583e-03
   8.3181350e-03
   8.4542228e-03
   8.5916035e-03
   8.7302543e-03
   8.8701826e-03
   9.0113829e-03
   9.1538724e-03
   9.2976857e-03
   9.4428263e-03
   9.5893040e-03
   9.7371324e-03
   9.8863150e-03
   1.0036871e-02
   1.0188822e-02
   1.0342141e-02
   1.0496788e-02
   1.0652747e-02
   1.0809984e-02
   1.0968501e-02
   1.1128318e-02
   1.1289404e-02
   1.1451734e-02
   1.1615325e-02
   1.1780194e-02
   1.1946351e-02
   1.2113821e-02
   1.2282583e-02
   1.2452592e-02
   1.2623856e-02
   1.2796372e-02
   1.2970180e-02
   1.3145358e-02
   1.3321931e-02
   1.3499944e-02
   1.3679431e-02
   1.3860406e-02
   1.4042931e-02
   1.4227072e-02
   1.4412814e-02
   1.4600128e-02
   1.4789021e-02
   1.4979474e-02
   1.5171541e-02
   1.5365317e-02
   1.5560806e-02
   1.5758031e-02
   1.5956999e-02
   1.6157677e-02
   1.6360087e-02
   1.6564244e-02
   1.6770144e-02
   1.6977792e-02
   1.7187178e-02
   1.7398283e-02
   1.7611167e-02
   1.7825915e-02
   1.8042561e-02
   1.8261171e-02
   1.8481749e-02
   1.8704267e-02
   1.8928778e-02
   1.9155323e-02
   1.9383864e-02
   1.9614357e-02
   1.9846769e-02
   2.0081036e-02
   2.0317178e-02
   2.0555243e-02
   2.0795187e-02
   2.1036982e-02
   2.1280642e-02
   2.1526169e-02
   2.1773575e-02
   2.2022894e-02
   2.2274081e-02
   2.2527070e-02
   2.2781857e-02
   2.3038419e-02
   2.3296808e-02
   2.3557132e-02
   2.3819416e-02
   2.4083715e-02
   2.4350057e-02
   2.4618435e-02
   2.4888923e-02
   2.5161598e-02
   2.5436410e-02
   2.5713292e-02
   2.5992228e-02
   2.6273153e-02
   2.6556122e-02
   2.6841241e-02
   2.7128483e-02
   2.7417844e-02
   2.7709213e-02
   2.8002381e-02
   2.8297264e-02
   2.8593735e-02
   2.8891687e-02
   2.9191069e-02
   2.9491694e-02
   2.9793371e-02
   3.0096127e-02
   3.0400027e-02
   3.0705032e-02
   3.1011179e-02
   3.1318297e-02
   3.1626109e-02
   3.1934582e-02
   3.2243634e-02
   3.2553234e-02
   3.2863468e-02
   3.3174264e-02
   3.3485570e-02
   3.3797383e-02
   3.4109657e-02
   3.4422411e-02
   3.4735687e-02
   3.5049285e-02
   3.5362940e-02
   3.5676524e-02
   3.5989821e-02
   3.6302798e-02
   3.6615526e-02
   3.6927821e-02
   3.7239540e-02
   3.7550787e-02
   3.7861679e-02
   3.8172300e-02
   3.8482835e-02
   3.8793203e-02
   3.9103234e-02
   3.9413050e-02
   3.9722723e-02
   4.0032181e-02
   4.0341394e-02
   4.0650296e-02
   4.0958764e-02
   4.1266914e-02
   4.1574928e-02
   4.1882794e-02
   4.2190562e-02
   4.2498035e-02
   4.2804844e-02
   4.3110882e-02
   4.3415943e-02
   4.3719906e-02
   4.4022766e-02
   4.4324251e-02
   4.4624088e-02
   4.4922402e-02
   4.5219374e-02
   4.5515029e-02
   4.5809532e-02
   4.6102679e-02
   4.6394090e-02
   4.6683821e-02
   4.6971844e-02
   4.7258176e-02
   4.7543014e-02
   4.7826317e-02
   4.8108067e-02
   4.8388378e-02
   4.8667322e-02
   4.8945021e-02
   4.9221643e-02
   4.9497034e-02
   4.9770934e-02
   5.0043306e-02
   5.0314002e-02
   5.0583103e-02
   5.0850842e-02
   5.1117118e-02
   5.1381880e-02
   5.1645158e-02
   5.1906881e-02
   5.2167092e-02
   5.2425859e-02
   5.2683090e-02
   5.2938684e-02
   5.3192614e-02
   5.3444808e-02
   5.3695354e-02
   5.3944420e-02
   5.4192028e-02
   5.4438251e-02
   5.4683097e-02
   5.4926498e-02
   5.5168541e-02
   5.5409303e-02
   5.5648546e-02
   5.5885966e-02
   5.6121373e-02
   5.6354459e-02
   5.6585172e-02
   5.6813582e-02
   5.7039404e-02
   5.7262398e-02
   5.7482581e-02
   5.7699950e-02
   5.7914480e-02
   5.8126244e-02
   5.8334973e-02
   5.8540282e-02
   5.8742101e-02
   5.8940276e-02
   5.9134891e-02
   5.9326239e-02
   5.9514304e-02
   5.9699159e-02
   5.9880841e-02
   6.0059267e-02
   6.0234611e-02
   6.0407061e-02
   6.0576334e-02
   6.0742063e-02
   6.0904090e-02
   6.1062091e-02
   6.1216153e-02
   6.1366573e-02
   6.1513135e-02
   6.1655715e-02
   6.1794485e-02
   6.1929553e-02
   6.2061097e-02
   6.2189418e-02
   6.2314425e-02
   6.2435933e-02
   6.2554113e-02
   6.2669050e-02
   6.2780787e-02
   6.2889466e-02
   6.2995093e-02
   6.3097648e-02
   6.3197332e-02
   6.3294365e-02
   6.3388860e-02
   6.3480994e-02
   6.3570583e-02
   6.3657267e-02
   6.3740977e-02
   6.3821512e-02
   6.3898853e-02
   6.3973145e-02
   6.4044146e-02
   6.4111638e-02
   6.4175867e-02
   6.4237120e-02
   6.4295544e-02
   6.4351457e-02
   6.4404710e-02
   6.4454959e-02
   6.4502378e-02
   6.4547038e-02
   6.4588851e-02
   6.4627854e-02
   6.4663920e-02
   6.4696854e-02
   6.4726777e-02
   6.4753848e-02
   6.4778017e-02
   6.4799315e-02
   6.4817668e-02
   6.4832901e-02
   6.4845013e-02
   6.4853979e-02
   6.4859716e-02
   6.4862190e-02
   6.4861306e-02
   6.4856949e-02
   6.4849304e-02
   6.4838650e-02
   6.4825099e-02
   6.4808872e-02
   6.4789988e-02
   6.4768345e-02
   6.4744160e-02
   6.4717616e-02
   6.4688609e-02
   6.4657039e-02
   6.4622852e-02
   6.4585890e-02
   6.4546321e-02
   6.4504438e-02
   6.4460201e-02
   6.4413645e-02
   6.4364562e-02
   6.4312520e-02
   6.4257396e-02
   6.4198971e-02
   6.4137053e-02
   6.4071572e-02
   6.4002183e-02
   6.3928517e-02
   6.3850696e-02
   6.3768920e-02
   6.3683165e-02
   6.3593569e-02
   6.3499837e-02
   6.3401441e-02
   6.3298387e-02
   6.3190573e-02
   6.3077964e-02
   6.2960751e-02
   6.2838820e-02
   6.2712086e-02
   6.2580603e-02
   6.2444358e-02
   6.2303421e-02
   6.2157913e-02
   6.2007510e-02
   6.1851752e-02
   6.1690457e-02
   6.1523284e-02
   6.1350210e-02
   6.1171411e-02
   6.0986597e-02
   6.0795545e-02
   6.0598508e-02
   6.0395766e-02
   6.0187528e-02
   5.9974195e-02
   5.9755675e-02
   5.9531705e-02
   5.9302576e-02
   5.9068483e-02
   5.8829348e-02
   5.8585179e-02
   5.8335911e-02
   5.8081376e-02
   5.7821857e-02
   5.7557761e-02
   5.7289130e-02
   5.7016123e-02
   5.6738453e-02
   5.6455523e-02
   5.6167209e-02
   5.5873219e-02
   5.5573404e-02
   5.5267828e-02
   5.4956076e-02
   5.4637730e-02
   5.4313098e-02
   5.3982595e-02
   5.3646348e-02
   5.3304745e-02
   5.2957498e-02
   5.2604004e-02
   5.2244456e-02
   5.1878893e-02
   5.1507504e-02
   5.1130834e-02
   5.0748965e-02
   5.0362040e-02
   4.9970409e-02
   4.9574313e-02
   4.9174166e-02
   4.8770469e-02
   4.8363046e-02
   4.7951531e-02
   4.7535988e-02
   4.7116254e-02
   4.6692675e-02
   4.6265920e-02
   4.5835951e-02
   4.5402849e-02
   4.4966781e-02
   4.4527680e-02
   4.4085768e-02
   4.3641297e-02
   4.3194229e-02
   4.2744545e-02
   4.2292299e-02
   4.1837457e-02
   4.1380412e-02
   4.0921740e-02
   4.0461682e-02
   4.0000623e-02
   3.9538719e-02
   3.9075929e-02
   3.8612643e-02
   3.8149208e-02
   3.7685295e-02
   3.7220460e-02
   3.6754470e-02
   3.6286826e-02
   3.5817633e-02
   3.5347256e-02
   3.4875284e-02
   3.4401417e-02
   3.3925871e-02
   3.3448792e-02
   3.2970328e-02
   3.2490820e-02
   3.2009898e-02
   3.1526960e-02
   3.1042047e-02
   3.0555020e-02
   3.0066300e-02
   2.9576765e-02
   2.9086617e-02
   2.8596265e-02
   2.8106011e-02
   2.7615875e-02
   2.7126485e-02
   2.6638492e-02
   2.6151513e-02
   2.5664993e-02
   2.5178824e-02
   2.4692532e-02
   2.4206568e-02
   2.3721839e-02
   2.3238128e-02
   2.2755429e-02
   2.2273777e-02
   2.1792813e-02
   2.1312684e-02
   2.0833554e-02
   2.0355131e-02
   1.9877174e-02
   1.9399495e-02
   1.8921767e-02
   1.8444320e-02
   1.7967741e-02
   1.7492098e-02
   1.7017673e-02
   1.6544372e-02
   1.6071785e-02
   1.5600154e-02
   1.5129643e-02
   1.4660114e-02
   1.4191561e-02
   1.3723863e-02
   1.3256792e-02
   1.2790523e-02
   1.2325305e-02
   1.1861093e-02
   1.1397943e-02
   1.0935751e-02
   1.0474259e-02
   1.0013465e-02
   9.5533206e-03
   9.0937389e-03
   8.6347175e-03
   8.1761267e-03
   7.7178180e-03
   7.2602560e-03
   6.8041081e-03
   6.3497189e-03
   5.8976729e-03
   5.4481173e-03
   5.0009516e-03
   4.5567641e-03
   4.1160771e-03
   3.6788072e-03
   3.2448804e-03
   2.8143346e-03
   2.3869886e-03
   1.9633804e-03
   1.5443214e-03
   1.1299106e-03
   7.2042605e-04
   3.1573870e-04
  -8.4704148e-05
  -4.8084014e-04
  -8.7275921e-04
  -1.2605571e-03
  -1.6441067e-03
  -2.0237236e-03
  -2.3997684e-03
  -2.7716812e-03
  -3.1387141e-03
  -3.5005632e-03
  -3.8566003e-03
  -4.2069711e-03
  -4.5522297e-03
  -4.8919415e-03
  -5.2258441e-03
  -5.5543824e-03
  -5.8779385e-03
  -6.1969490e-03
  -6.5121414e-03
  -6.8233919e-03
  -7.1303412e-03
  -7.4334778e-03
  -7.7331142e-03
  -8.0293176e-03
  -8.3223450e-03
  -8.6122303e-03
  -8.8989036e-03
  -9.1828999e-03
  -9.4648708e-03
  -9.7450733e-03
  -1.0023930e-02
  -1.0301079e-02
  -1.0575704e-02
  -1.0847710e-02
  -1.1116713e-02
  -1.1382672e-02
  -1.1645913e-02
  -1.1905920e-02
  -1.2162203e-02
  -1.2415404e-02
  -1.2666299e-02
  -1.2915277e-02
  -1.3163136e-02
  -1.3409589e-02
  -1.3653860e-02
  -1.3896431e-02
  -1.4137538e-02
  -1.4376942e-02
  -1.4614656e-02
  -1.4850366e-02
  -1.5083559e-02
  -1.5314541e-02
  -1.5543754e-02
  -1.5771030e-02
  -1.5996395e-02
  -1.6219736e-02
  -1.6440697e-02
  -1.6659318e-02
  -1.6875617e-02
  -1.7089356e-02
  -1.7300363e-02
  -1.7508447e-02
  -1.7713336e-02
  -1.7915536e-02
  -1.8115843e-02
  -1.8314558e-02
  -1.8512267e-02
  -1.8709078e-02
  -1.8904775e-02
  -1.9099971e-02
  -1.9295207e-02
  -1.9490196e-02
  -1.9684624e-02
  -1.9878365e-02
  -2.0070989e-02
  -2.0262970e-02
  -2.0455141e-02
  -2.0647380e-02
  -2.0839783e-02
  -2.1031917e-02
  -2.1222783e-02
  -2.1412161e-02
  -2.1599622e-02
  -2.1784707e-02
  -2.1967230e-02
  -2.2146418e-02
  -2.2321425e-02
  -2.2492588e-02
  -2.2660480e-02
  -2.2825071e-02
  -2.2986738e-02
  -2.3144831e-02
  -2.3298144e-02
  -2.3446749e-02
  -2.3590474e-02
  -2.3729230e-02
  -2.3863436e-02
  -2.3992837e-02
  -2.4117212e-02
  -2.4236727e-02
  -2.4351420e-02
  -2.4461444e-02
  -2.4567084e-02
  -2.4667635e-02
  -2.4762062e-02
  -2.4849984e-02
  -2.4930674e-02
  -2.5004072e-02
  -2.5070570e-02
  -2.5129532e-02
  -2.5180457e-02
  -2.5223992e-02
  -2.5260885e-02
  -2.5291665e-02
  -2.5317322e-02
  -2.5337698e-02
  -2.5352217e-02
  -2.5361632e-02
  -2.5366476e-02
  -2.5366577e-02
  -2.5361948e-02
  -2.5352468e-02
  -2.5337750e-02
  -2.5318520e-02
  -2.5295825e-02
  -2.5269784e-02
  -2.5240806e-02
  -2.5208258e-02
  -2.5170758e-02
  -2.5128060e-02
  -2.5079532e-02
  -2.5024841e-02
  -2.4964165e-02
  -2.4896555e-02
  -2.4821052e-02
  -2.4738442e-02
  -2.4649771e-02
  -2.4555384e-02
  -2.4456248e-02
  -2.4351729e-02
  -2.4240425e-02
  -2.4122849e-02
  -2.3999147e-02
  -2.3869402e-02
  -2.3734371e-02
  -2.3593941e-02
  -2.3447973e-02
  -2.3297103e-02
  -2.3141886e-02
  -2.2982780e-02
  -2.2820485e-02
  -2.2654596e-02
  -2.2484282e-02
  -2.2309589e-02
  -2.2130199e-02
  -2.1946421e-02
  -2.1759087e-02
  -2.1567947e-02
  -2.1372883e-02
  -2.1174321e-02
  -2.0972491e-02
  -2.0767783e-02
  -2.0560786e-02
  -2.0351394e-02
  -2.0139357e-02
  -1.9924967e-02
  -1.9708347e-02
  -1.9489828e-02
  -1.9269999e-02
  -1.9049040e-02
  -1.8827186e-02
  -1.8604799e-02
  -1.8382128e-02
  -1.8159569e-02
  -1.7937567e-02
  -1.7715604e-02
  -1.7492832e-02
  -1.7268937e-02
  -1.7043236e-02
  -1.6815707e-02
  -1.6586722e-02
  -1.6355583e-02
  -1.6121691e-02
  -1.5885420e-02
  -1.5647142e-02
  -1.5407036e-02
  -1.5165637e-02
  -1.4922344e-02
  -1.4676126e-02
  -1.4427085e-02
  -1.4175046e-02
  -1.3920440e-02
  -1.3664357e-02
  -1.3406939e-02
  -1.3148556e-02
  -1.2889619e-02
  -1.2630205e-02
  -1.2371049e-02
  -1.2112965e-02
  -1.1855355e-02
  -1.1597329e-02
  -1.1338691e-02
  -1.1078753e-02
  -1.0818004e-02
  -1.0557562e-02
  -1.0297036e-02
  -1.0036297e-02
  -9.7755685e-03
  -9.5146612e-03
  -9.2538867e-03
  -8.9936931e-03
  -8.7337340e-03
  -8.4736045e-03
  -8.2133062e-03
  -7.9526272e-03
  -7.6919107e-03
  -7.4318336e-03
  -7.1724591e-03
  -6.9140225e-03
  -6.6566241e-03
  -6.4000953e-03
  -6.1447578e-03
  -5.8909191e-03
  -5.6383058e-03
  -5.3866057e-03
  -5.1356609e-03
  -4.8851042e-03
  -4.6350791e-03
  -4.3859387e-03
  -4.1374425e-03
  -3.8894570e-03
  -3.6420960e-03
  -3.3953635e-03
  -3.1493798e-03
  -2.9043638e-03
  -2.6601115e-03
  -2.4163278e-03
  -2.1730371e-03
  -1.9301566e-03
  -1.6880872e-03
  -1.4475380e-03
  -1.2087568e-03
  -9.7217541e-04
  -7.3805304e-04
  -5.0643068e-04
  -2.7786959e-04
  -5.2930564e-05
   1.6853146e-04
   3.8674246e-04
   6.0166022e-04
   8.1348985e-04
   1.0217498e-03
   1.2256393e-03
   1.4251361e-03
   1.6200531e-03
   1.8103748e-03
   1.9964418e-03
   2.1781047e-03
   2.3552791e-03
   2.5280527e-03
   2.6963859e-03
   2.8604315e-03
   3.0204160e-03
   3.1758546e-03
   3.3260678e-03
   3.4707936e-03
   3.6095240e-03
   3.7422778e-03
   3.8693949e-03
   3.9904711e-03
   4.1052155e-03
   4.2142204e-03
   4.3181764e-03
   4.4176036e-03
   4.5133817e-03
   4.6055232e-03
   4.6937191e-03
   4.7787018e-03
   4.8610442e-03
   4.9407281e-03
   5.0178655e-03
   5.0925090e-03
   5.1644892e-03
   5.2345512e-03
   5.3037181e-03
   5.3722435e-03
   5.4406211e-03
   5.5085195e-03
   5.5749991e-03
   5.6400506e-03
   5.7033595e-03
   5.7648495e-03
   5.8248581e-03
   5.8828275e-03
   5.9381920e-03
   5.9918232e-03
   6.0448210e-03
   6.0977065e-03
   6.1515174e-03
   6.2059912e-03
   6.2602423e-03
   6.3149599e-03
   6.3705427e-03
   6.4265918e-03
   6.4829426e-03
   6.5391519e-03
   6.5944458e-03
   6.6492087e-03
   6.7040745e-03
   6.7586918e-03
   6.8129703e-03
   6.8668642e-03
   6.9200238e-03
   6.9725496e-03
   7.0245875e-03
   7.0757250e-03
   7.1255318e-03
   7.1738052e-03
   7.2201840e-03
   7.2653815e-03
   7.3106162e-03
   7.3562876e-03
   7.4031960e-03
   7.4515700e-03
   7.5011676e-03
   7.5529000e-03
   7.6076096e-03
   7.6648214e-03
   7.7239647e-03
   7.7848487e-03
   7.8468052e-03
   7.9105226e-03
   7.9772602e-03
   8.0467911e-03
   8.1192062e-03
   8.1940672e-03
   8.2701732e-03
   8.3473579e-03
   8.4252446e-03
   8.5032259e-03
   8.5809958e-03
   8.6576682e-03
   8.7322154e-03
   8.8051294e-03
   8.8772564e-03
   8.9485897e-03
   9.0196390e-03
   9.0896848e-03
   9.1572964e-03
   9.2226509e-03
   9.2856385e-03
   9.3460932e-03
   9.4044298e-03
   9.4603197e-03
   9.5134198e-03
   9.5639710e-03
   9.6121169e-03
   9.6579805e-03
   9.7018686e-03
   9.7430024e-03
   9.7801969e-03
   9.8130512e-03
   9.8407922e-03
   9.8633075e-03
   9.8809820e-03
   9.8930951e-03
   9.8990559e-03
   9.8997165e-03
   9.8961180e-03
   9.8889375e-03
   9.8794245e-03
   9.8674696e-03
   9.8524231e-03
   9.8352963e-03
   9.8168459e-03
   9.7968439e-03
   9.7752548e-03
   9.7519575e-03
   9.7264577e-03
   9.6997183e-03
   9.6731429e-03
   9.6468794e-03
   9.6214493e-03
   9.5961353e-03
   9.5692703e-03
   9.5406156e-03
   9.5094706e-03
   9.4754383e-03
   9.4387343e-03
   9.3982390e-03
   9.3527995e-03
   9.3034414e-03
   9.2515393e-03
   9.1975578e-03
   9.1427363e-03
   9.0863463e-03
   9.0267005e-03
   8.9644901e-03
   8.8999589e-03
   8.8329560e-03
   8.7640354e-03
   8.6928516e-03
   8.6188975e-03
   8.5428411e-03
   8.4653807e-03
   8.3867177e-03
   8.3073774e-03
   8.2268968e-03
   8.1442949e-03
   8.0595714e-03
   7.9724141e-03
   7.8828516e-03
   7.7913805e-03
   7.6976013e-03
   7.6011680e-03
   7.5026465e-03
   7.4026200e-03
   7.3014952e-03
   7.2000100e-03
   7.0980482e-03
   6.9951727e-03
   6.8918882e-03
   6.7885167e-03
   6.6850546e-03
   6.5816956e-03
   6.4784018e-03
   6.3750014e-03
   6.2719586e-03
   6.1698535e-03
   6.0688224e-03
   5.9691647e-03
   5.8704434e-03
   5.7717702e-03
   5.6729469e-03
   5.5734989e-03
   5.4732246e-03
   5.3722538e-03
   5.2699337e-03
   5.1656186e-03
   5.0596995e-03
   4.9526799e-03
   4.8446831e-03
   4.7361969e-03
   4.6266986e-03
   4.5152014e-03
   4.4018615e-03
   4.2865935e-03
   4.1695528e-03
   4.0514123e-03
   3.9321351e-03
   3.8117757e-03
   3.6906531e-03
   3.5689074e-03
   3.4469444e-03
   3.3252807e-03
   3.2034158e-03
   3.0805680e-03
   2.9565615e-03
   2.8308701e-03
   2.7037168e-03
   2.5757859e-03
   2.4467004e-03
   2.3162458e-03
   2.1848052e-03
   2.0526143e-03
   1.9200443e-03
   1.7876998e-03
   1.6554063e-03
   1.5228036e-03
   1.3902108e-03
   1.2577696e-03
   1.1256178e-03
   9.9411639e-04
   8.6329677e-04
   7.3317063e-04
   6.0409674e-04
   4.7642554e-04
   3.5039694e-04
   2.2635057e-04
   1.0400882e-04
  -1.7183756e-05
  -1.3731282e-04
  -2.5668880e-04
  -3.7529588e-04
  -4.9284829e-04
  -6.0970649e-04
  -7.2618766e-04
  -8.4189695e-04
  -9.5639613e-04
  -1.0694367e-03
  -1.1805113e-03
  -1.2898466e-03
  -1.3979712e-03
  -1.5046143e-03
  -1.6096759e-03
  -1.7131127e-03
  -1.8146207e-03
  -1.9142545e-03
  -2.0120999e-03
  -2.1078798e-03
  -2.2013364e-03
  -2.2923182e-03
  -2.3805706e-03
  -2.4662127e-03
  -2.5495303e-03
  -2.6304815e-03
  -2.7091437e-03
  -2.7854353e-03
  -2.8591043e-03
  -2.9302415e-03
  -2.9989095e-03
  -3.0648540e-03
  -3.1278245e-03
  -3.1876155e-03
  -3.2439049e-03
  -3.2966839e-03
  -3.3460545e-03
  -3.3917849e-03
  -3.4337110e-03
  -3.4717782e-03
  -3.5058603e-03
  -3.5359188e-03
  -3.5619616e-03
  -3.5837720e-03
  -3.6010944e-03
  -3.6138280e-03
  -3.6218144e-03
  -3.6254659e-03
  -3.6254882e-03
  -3.6221677e-03
  -3.6160198e-03
  -3.6072512e-03
  -3.5958253e-03
  -3.5823579e-03
  -3.5674398e-03
  -3.5509083e-03
  -3.5325454e-03
  -3.5123809e-03
  -3.4901795e-03
  -3.4665075e-03
  -3.4422829e-03
  -3.4175649e-03
  -3.3926116e-03
  -3.3673451e-03
  -3.3412359e-03
  -3.3143994e-03
  -3.2868254e-03
  -3.2584125e-03
  -3.2292693e-03
  -3.1991284e-03
  -3.1676587e-03
  -3.1354994e-03
  -3.1035203e-03
  -3.0720872e-03
  -3.0419085e-03
  -3.0129215e-03
  -2.9846347e-03
  -2.9575914e-03
  -2.9321685e-03
  -2.9079513e-03
  -2.8845727e-03
  -2.8616541e-03
  -2.8384972e-03
  -2.8153290e-03
  -2.7926514e-03
  -2.7700278e-03
  -2.7472151e-03
  -2.7242853e-03
  -2.7011165e-03
  -2.6778154e-03
  -2.6546207e-03
  -2.6310867e-03
  -2.6066286e-03
  -2.5811388e-03
  -2.5543281e-03
  -2.5267527e-03
  -2.4994768e-03
  -2.4727754e-03
  -2.4472387e-03
  -2.4231152e-03
  -2.4002625e-03
  -2.3794470e-03
  -2.3614147e-03
  -2.3456805e-03
  -2.3316130e-03
  -2.3190209e-03
  -2.3072711e-03
  -2.2969174e-03
  -2.2890525e-03
  -2.2834033e-03
  -2.2799708e-03
  -2.2785730e-03
  -2.2784513e-03
  -2.2796117e-03
  -2.2819872e-03
  -2.2851057e-03
  -2.2886473e-03
  -2.2921021e-03
  -2.2948063e-03
  -2.2971486e-03
  -2.2998323e-03
  -2.3028672e-03
  -2.3066147e-03
  -2.3106944e-03
  -2.3142311e-03
  -2.3174283e-03
  -2.3203221e-03
  -2.3227096e-03
  -2.3246995e-03
  -2.3260378e-03
  -2.3263872e-03
  -2.3259221e-03
  -2.3248373e-03
  -2.3231023e-03
  -2.3208283e-03
  -2.3176081e-03
  -2.3127676e-03
  -2.3061136e-03
  -2.2972799e-03
  -2.2861173e-03
  -2.2727215e-03
  -2.2566856e-03
  -2.2376363e-03
  -2.2161667e-03
  -2.1930801e-03
  -2.1688186e-03
  -2.1442040e-03
  -2.1192466e-03
  -2.0935818e-03
  -2.0679434e-03
  -2.0429234e-03
  -2.0183276e-03
  -1.9940407e-03
  -1.9699909e-03
  -1.9458151e-03
  -1.9221912e-03
  -1.9001496e-03
  -1.8797595e-03
  -1.8613533e-03
  -1.8445218e-03
  -1.8282098e-03
  -1.8123179e-03
  -1.7964700e-03
  -1.7803966e-03
  -1.7642091e-03
  -1.7472182e-03
  -1.7286902e-03
  -1.7093353e-03
  -1.6901227e-03
  -1.6713767e-03
  -1.6539322e-03
  -1.6373600e-03
  -1.6205925e-03
  -1.6041268e-03
  -1.5881747e-03
  -1.5724917e-03
  -1.5572157e-03
  -1.5420108e-03
  -1.5263558e-03
  -1.5106297e-03
  -1.4953121e-03
  -1.4803294e-03
  -1.4658367e-03
  -1.4515658e-03
  -1.4369155e-03
  -1.4218683e-03
  -1.4062825e-03
  -1.3899826e-03
  -1.3729948e-03
  -1.3550202e-03
  -1.3357302e-03
  -1.3155278e-03
  -1.2949767e-03
  -1.2743070e-03
  -1.2540159e-03
  -1.2340494e-03
  -1.2140658e-03
  -1.1944884e-03
  -1.1756369e-03
  -1.1572881e-03
  -1.1392762e-03
  -1.1214450e-03
  -1.1034334e-03
  -1.0855684e-03
  -1.0683976e-03
  -1.0518238e-03
  -1.0359157e-03
  -1.0205062e-03
  -1.0051064e-03
  -9.8969898e-04
  -9.7418554e-04
  -9.5834467e-04
  -9.4208778e-04
  -9.2510854e-04
  -9.0704082e-04
  -8.8811554e-04
  -8.6870406e-04
  -8.4884435e-04
  -8.2877710e-04
  -8.0828632e-04
  -7.8688824e-04
  -7.6471366e-04
  -7.4179050e-04
  -7.1802758e-04
  -6.9351479e-04
  -6.6812419e-04
  -6.4168443e-04
  -6.1431743e-04
  -5.8615396e-04
  -5.5720167e-04
  -5.2754980e-04
  -4.9700944e-04
  -4.6524960e-04
  -4.3220309e-04
  -3.9771236e-04
  -3.6173140e-04
  -3.2434670e-04
  -2.8538145e-04
  -2.4467725e-04
  -2.0254051e-04
  -1.5936967e-04
  -1.1540015e-04
  -7.1049351e-05
  -2.6342683e-05
   1.8870762e-05
   6.4219645e-05
   1.0940164e-04
   1.5446690e-04
   1.9941964e-04
   2.4425636e-04
   2.8910394e-04
   3.3360811e-04
   3.7725599e-04
   4.1996808e-04
   4.6154203e-04
   5.0211307e-04
   5.4210783e-04
   5.8151520e-04
   6.2044824e-04
   6.5896999e-04
   6.9696806e-04
   7.3469181e-04
   7.7240853e-04
   8.0973244e-04
   8.4615993e-04
   8.8147547e-04
   9.1523135e-04
   9.4754789e-04
   9.7883095e-04
   1.0087794e-03
   1.0372190e-03
   1.0643349e-03
   1.0902063e-03
   1.1150345e-03
   1.1391686e-03
   1.1624426e-03
   1.1845795e-03
   1.2057388e-03
   1.2259638e-03
   1.2452889e-03
   1.2638875e-03
   1.2817262e-03
   1.2987557e-03
   1.3151651e-03
   1.3311460e-03
   1.3468021e-03
   1.3623056e-03
   1.3773685e-03
   1.3914909e-03
   1.4045209e-03
   1.4161361e-03
   1.4262615e-03
   1.4350232e-03
   1.4420564e-03
   1.4470271e-03
   1.4501554e-03
   1.4516991e-03
   1.4517612e-03
   1.4506458e-03
   1.4480854e-03
   1.4435743e-03
   1.4372314e-03
   1.4290422e-03
   1.4191276e-03
   1.4078914e-03
   1.3953528e-03
   1.3815829e-03
   1.3668105e-03
   1.3511745e-03
   1.3349510e-03
   1.3184826e-03
   1.3015863e-03
   1.2839363e-03
   1.2655322e-03
   1.2461968e-03
   1.2261420e-03
   1.2058245e-03
   1.1851585e-03
   1.1641465e-03
   1.1428891e-03
   1.1213220e-03
   1.0995795e-03
   1.0778301e-03
   1.0559966e-03
   1.0340010e-03
   1.0118571e-03
   9.8950996e-04
   9.6718275e-04
   9.4523217e-04
   9.2377087e-04
   9.0300488e-04
   8.8301189e-04
   8.6373946e-04
   8.4540740e-04
   8.2821404e-04
   8.1190386e-04
   7.9613636e-04
   7.8072475e-04
   7.6530442e-04
   7.4990508e-04
   7.3473080e-04
   7.1947083e-04
   7.0388567e-04
   6.8808166e-04
   6.7212004e-04
   6.5605950e-04
   6.4008806e-04
   6.2392077e-04
   6.0711900e-04
   5.8967153e-04
   5.7144753e-04
   5.5266901e-04
   5.3385416e-04
   5.1508128e-04
   4.9656035e-04
   4.7844118e-04
   4.6069507e-04
   4.4367317e-04
   4.2774460e-04
   4.1261499e-04
   3.9787496e-04
   3.8340672e-04
   3.6885779e-04
   3.5446219e-04
   3.4074749e-04
   3.2752099e-04
   3.1472298e-04
   3.0238725e-04
   2.9032155e-04
   2.7861968e-04
   2.6741224e-04
   2.5649511e-04
   2.4566625e-04
   2.3483814e-04
   2.2382723e-04
   2.1278979e-04
   2.0204175e-04
   1.9158906e-04
   1.8154640e-04
   1.7187918e-04
   1.6239093e-04
   1.5320496e-04
   1.4441664e-04
   1.3587883e-04
   1.2747088e-04
   1.1908007e-04
   1.1050634e-04
   1.0180315e-04
   9.3102824e-05
   8.4291275e-05
   7.5311821e-05
   6.6131920e-05
   5.6644661e-05
   4.6847279e-05
   3.6750903e-05
   2.6238887e-05
   1.5192461e-05
   3.5457650e-06
  -8.8021333e-06
  -2.1664328e-05
  -3.4719523e-05
  -4.7854756e-05
  -6.0846573e-05
  -7.3629632e-05
  -8.6261338e-05
  -9.8483726e-05
  -1.1005620e-04
  -1.2108171e-04
  -1.3168228e-04
  -1.4188067e-04
  -1.5182202e-04
  -1.6128513e-04
  -1.6989445e-04
  -1.7766409e-04
  -1.8451894e-04
  -1.9053013e-04
  -1.9597053e-04
  -2.0082806e-04
  -2.0514566e-04
  -2.0901671e-04
  -2.1244575e-04
  -2.1559738e-04
  -2.1866794e-04
  -2.2143516e-04
  -2.2357759e-04
  -2.2499722e-04
  -2.2545002e-04
  -2.2502447e-04
  -2.2399679e-04
  -2.2219918e-04
  -2.1953711e-04
  -2.1615454e-04
  -2.1213104e-04
  -2.0761304e-04
  -2.0284217e-04
  -1.9773662e-04
  -1.9214136e-04
  -1.8617968e-04
  -1.7990154e-04
  -1.7335689e-04
  -1.6668726e-04
  -1.5989901e-04
  -1.5299096e-04
  -1.4610659e-04
  -1.3938713e-04
  -1.3292749e-04
  -1.2686459e-04
  -1.2106516e-04
  -1.1527442e-04
  -1.0944197e-04
  -1.0341851e-04
  -9.7200450e-05
  -9.0902884e-05
  -8.4355510e-05
  -7.7407574e-05
  -7.0224893e-05
  -6.2993532e-05
  -5.5814804e-05
  -4.8905450e-05
  -4.2155749e-05
  -3.5321614e-05
  -2.8515352e-05
  -2.1773560e-05
  -1.5083889e-05
  -8.5402958e-06
  -2.0906751e-06
   4.3408073e-06
   1.0651507e-05
   1.6737543e-05
   2.2570814e-05
   2.8075307e-05
   3.3311914e-05
   3.8414654e-05
   4.3379439e-05
   4.8244814e-05
   5.3011807e-05
   5.7619459e-05
   6.2124835e-05
   6.6580727e-05
   7.0877599e-05
   7.4886224e-05
   7.8527932e-05
   8.1663950e-05
   8.4296231e-05
   8.6487548e-05
   8.8128171e-05
   8.9136464e-05
   8.9527477e-05
   8.9294077e-05
   8.8445346e-05
   8.7027904e-05
   8.4947252e-05
   8.2070075e-05
   7.8383971e-05
   7.3841700e-05
   6.8551399e-05
   6.2728332e-05
   5.6433054e-05
   4.9786663e-05
   4.2859791e-05
   3.5652355e-05
   2.8335159e-05
   2.1081620e-05
   1.3819898e-05
   6.4466181e-06
  -1.0421566e-06
  -8.7358037e-06
  -1.6487306e-05
  -2.4036729e-05
  -3.1394872e-05
  -3.8515423e-05
  -4.5408452e-05
  -5.2206764e-05
  -5.8873754e-05
  -6.5394098e-05
  -7.1812764e-05
  -7.8130697e-05
  -8.4413252e-05
  -9.0750935e-05
  -9.6986012e-05
  -1.0289131e-04
  -1.0838528e-04
  -1.1329987e-04
  -1.1764935e-04
  -1.2155923e-04
  -1.2489484e-04
  -1.2756012e-04
  -1.2968777e-04
  -1.3140991e-04
  -1.3284275e-04
  -1.3419394e-04
  -1.3542165e-04
  -1.3640311e-04
  -1.3728251e-04
  -1.3815323e-04
  -1.3900059e-04
  -1.3985865e-04
  -1.4071069e-04
  -1.4149653e-04
  -1.4236072e-04
  -1.4349569e-04
  -1.4494106e-04
  -1.4679034e-04
  -1.4891332e-04
  -1.5103582e-04
  -1.5310612e-04
  -1.5498937e-04
  -1.5663155e-04
  -1.5808421e-04
  -1.5915893e-04
  -1.5966980e-04
  -1.5977382e-04
  -1.5967298e-04
  -1.5944102e-04
  -1.5927437e-04
  -1.5904594e-04
  -1.5847878e-04
  -1.5767417e-04
  -1.5665913e-04
  -1.5542113e-04
  -1.5406860e-04
  -1.5255134e-04
  -1.5080193e-04
  -1.4892656e-04
  -1.4702667e-04
  -1.4514843e-04
  -1.4338767e-04
  -1.4166068e-04
  -1.3980142e-04
  -1.3780427e-04
  -1.3560604e-04
  -1.3322226e-04
  -1.3075241e-04
  -1.2812830e-04
  -1.2529618e-04
  -1.2233903e-04
  -1.1933014e-04
  -1.1633243e-04
  -1.1345850e-04
  -1.1068062e-04
  -1.0792516e-04
  -1.0525971e-04
  -1.0272062e-04
  -1.0031666e-04
  -9.8093925e-05
  -9.6048187e-05
  -9.4162287e-05
  -9.2501528e-05
  -9.1138804e-05
  -9.0101701e-05
  -8.9439641e-05
  -8.9072746e-05
  -8.8853701e-05
  -8.8740310e-05
  -8.8641604e-05
  -8.8527293e-05
  -8.8423267e-05
  -8.8217058e-05
  -8.7801328e-05
  -8.7231487e-05
  -8.6575490e-05
  -8.5849111e-05
  -8.5125768e-05
  -8.4312254e-05
  -8.3242730e-05
  -8.1933189e-05
  -8.0359440e-05
  -7.8548923e-05
  -7.6616535e-05
  -7.4555094e-05
  -7.2376774e-05
  -7.0127956e-05
  -6.7820795e-05
  -6.5523634e-05
  -6.3321200e-05
  -6.1122541e-05
  -5.8791498e-05
  -5.6291303e-05
  -5.3524295e-05
  -5.0526859e-05
  -4.7414505e-05
  -4.4118185e-05
  -4.0598135e-05
  -3.6910197e-05
  -3.3081446e-05
  -2.9167875e-05
  -2.5263034e-05
  -2.1329574e-05
  -1.7301174e-05
  -1.3221165e-05
  -9.1026223e-06
  -4.9656446e-06
  -8.6901565e-07
   3.1874158e-06
   7.2045036e-06
   1.1131415e-05
   1.4922140e-05
   1.8541228e-05
   2.1938048e-05
   2.5166461e-05
   2.8324391e-05
   3.1434343e-05
   3.4556930e-05
   3.7694588e-05
   4.0804680e-05
   4.3954044e-05
   4.7201299e-05
   5.0489789e-05
   5.3757454e-05
   5.6970640e-05
   6.0053658e-05
   6.3052059e-05
   6.6060181e-05
   6.9042275e-05
   7.1990923e-05
   7.4904931e-05
   7.7739497e-05
   8.0510430e-05
   8.3237595e-05
   8.5883473e-05
   8.8415089e-05
   9.0813701e-05
   9.3044124e-05
   9.5134903e-05
   9.7141826e-05
   9.9066791e-05
   1.0093224e-04
   1.0273164e-04
   1.0442964e-04
   1.0604992e-04
   1.0761089e-04
   1.0908024e-04
   1.1042776e-04
   1.1162861e-04
   1.1263926e-04
   1.1346804e-04
   1.1414083e-04
   1.1463002e-04
   1.1491939e-04
   1.1500788e-04
   1.1488218e-04
   1.1454489e-04
   1.1400530e-04
   1.1323820e-04
   1.1221330e-04
   1.1092282e-04
   1.0935009e-04
   1.0752909e-04
   1.0552213e-04
   1.0334871e-04
   1.0104774e-04
   9.8635998e-05
   9.6108285e-05
   9.3514064e-05
   9.0901577e-05
   8.8251699e-05
   8.5539270e-05
   8.2762521e-05
   7.9896020e-05
   7.6982599e-05
   7.4095685e-05
   7.1233590e-05
   6.8411225e-05
   6.5623801e-05
   6.2831035e-05
   6.0042459e-05
   5.7260317e-05
   5.4472181e-05
   5.1679466e-05
   4.8861914e-05
   4.5992607e-05
   4.3116635e-05
   4.0298172e-05
   3.7560566e-05
   3.4952289e-05
   3.2467726e-05
   3.0069153e-05
   2.7794459e-05
   2.5669959e-05
   2.3663925e-05
   2.1748307e-05
   1.9894608e-05
   1.8051172e-05
   1.6233245e-05
   1.4476097e-05
   1.2747229e-05
   1.1028229e-05
   9.3221420e-06
   7.6175172e-06
   5.9202981e-06
   4.2455195e-06
   2.5599469e-06
   8.2105689e-07
  -9.8083450e-07
  -2.8682736e-06
  -4.8050635e-06
  -6.7199584e-06
  -8.5965892e-06
  -1.0396800e-05
  -1.2106082e-05
  -1.3737072e-05
  -1.5239659e-05
  -1.6565186e-05
  -1.7749654e-05
  -1.8838981e-05
  -1.9849096e-05
  -2.0826286e-05
  -2.1735361e-05
  -2.2504246e-05
  -2.3154612e-05
  -2.3689338e-05
  -2.4112987e-05
  -2.4464947e-05
  -2.4738421e-05
  -2.4927019e-05
  -2.5059751e-05
  -2.5159687e-05
  -2.5249672e-05
  -2.5363945e-05
  -2.5478502e-05
  -2.5548414e-05
  -2.5572279e-05
  -2.5529525e-05
  -2.5434660e-05
  -2.5329444e-05
  -2.5198042e-05
  -2.5032101e-05
  -2.4848721e-05
  -2.4653310e-05
  -2.4462131e-05
  -2.4300593e-05
  -2.4158989e-05
  -2.4021051e-05
  -2.3896127e-05
  -2.3784821e-05
  -2.3701477e-05
  -2.3674110e-05
  -2.3708240e-05
  -2.3813478e-05
  -2.4002798e-05
  -2.4281965e-05
  -2.4667677e-05
  -2.5178301e-05
  -2.5784565e-05
  -2.6442031e-05
  -2.7131126e-05
  -2.7813841e-05
  -2.8486185e-05
  -2.9163382e-05
  -2.9807709e-05
  -3.0386725e-05
  -3.0913611e-05
  -3.1400465e-05
  -3.1851641e-05
  -3.2288081e-05
  -3.2676318e-05
  -3.2962510e-05
  -3.3146451e-05
  -3.3214439e-05
  -3.3183082e-05
  -3.3100700e-05
  -3.2969597e-05
  -3.2803397e-05
  -3.2616595e-05
  -3.2407157e-05
  -3.2205813e-05
  -3.2046761e-05
  -3.1895905e-05
  -3.1705188e-05
  -3.1459685e-05
  -3.1120470e-05
  -3.0705947e-05
  -3.0264907e-05
  -2.9772855e-05
  -2.9218124e-05
  -2.8615628e-05
  -2.7964419e-05
  -2.7282376e-05
  -2.6598019e-05
  -2.5894633e-05
  -2.5148668e-05
  -2.4368015e-05
  -2.3549464e-05
  -2.2704266e-05
  -2.1859202e-05
  -2.1014964e-05
  -2.0176147e-05
  -1.9354884e-05
  -1.8556236e-05
  -1.7794391e-05
  -1.7086382e-05
  -1.6412759e-05
  -1.5743417e-05
  -1.5068365e-05
  -1.4364305e-05
  -1.3632876e-05
  -1.2890574e-05
  -1.2115720e-05
  -1.1290971e-05
  -1.0430789e-05
  -9.5484616e-06
  -8.6534442e-06
  -7.7670063e-06
  -6.8732446e-06
  -5.9430926e-06
  -4.9843992e-06
  -3.9961619e-06
  -2.9840941e-06
  -1.9696346e-06
  -9.5159294e-07
   6.9151744e-08
   1.0805607e-06
   2.0753816e-06
   3.0412445e-06
   3.9618000e-06
   4.8476810e-06
   5.7174101e-06
   6.5721234e-06
   7.4219753e-06
   8.2589743e-06
   9.0629889e-06
   9.8408306e-06
   1.0595376e-05
   1.1319283e-05
   1.2011205e-05
   1.2663570e-05
   1.3265056e-05
   1.3820203e-05
   1.4336055e-05
   1.4808956e-05
   1.5239271e-05
   1.5620494e-05
   1.5940058e-05
   1.6195758e-05
   1.6383375e-05
   1.6497820e-05
   1.6537546e-05
   1.6495533e-05
   1.6364208e-05
   1.6156788e-05
   1.5892852e-05
   1.5581564e-05
   1.5240159e-05
   1.4870894e-05
   1.4467785e-05
   1.4047892e-05
   1.3625960e-05
   1.3197436e-05
   1.2758468e-05
   1.2308287e-05
   1.1839137e-05
   1.1366662e-05
   1.0915199e-05
   1.0486322e-05
   1.0087469e-05
   9.7131778e-06
   9.3445477e-06
   8.9824108e-06
   8.6228459e-06
   8.2616323e-06
   7.9016859e-06
   7.5320405e-06
   7.1403356e-06
   6.7433297e-06
   6.3637824e-06
   6.0104667e-06
   5.7024415e-06
   5.4344876e-06
   5.1885642e-06
   4.9778544e-06
   4.8101806e-06
   4.6751389e-06
   4.5661069e-06
   4.4725495e-06
   4.3765325e-06
   4.2842553e-06
   4.2077829e-06
   4.1373912e-06
   4.0686856e-06
   4.0000618e-06
   3.9237980e-06
   3.8407551e-06
   3.7533582e-06
   3.6508136e-06
   3.5211565e-06
   3.3590390e-06
   3.1554314e-06
   2.9227053e-06
   2.6840238e-06
   2.4451123e-06
   2.2196224e-06
   2.0106291e-06
   1.8116534e-06
   1.6390659e-06
   1.5080721e-06
   1.4064762e-06
   1.3197090e-06
   1.2415966e-06
   1.1560526e-06
   1.0745577e-06
   1.0204227e-06
   9.8625736e-07
   9.7107398e-07
   9.7438673e-07
   9.8487022e-07
   1.0058880e-06
   1.0412269e-06
   1.0820990e-06
   1.1212152e-06
   1.1530223e-06
   1.1681599e-06
   1.1743895e-06
   1.1861496e-06
   1.2043473e-06
   1.2354799e-06
   1.2768396e-06
   1.3178243e-06
   1.3643110e-06
   1.4203244e-06
   1.4796704e-06
   1.5383273e-06
   1.5911340e-06
   1.6292087e-06
   1.6556159e-06
   1.6765957e-06
   1.6878071e-06
   1.6877052e-06
   1.6743107e-06
   1.6419438e-06
   1.5905153e-06
   1.5200670e-06
   1.4259711e-06
   1.3041796e-06
   1.1515429e-06
   9.6358314e-07
   7.4761813e-07
   5.1594625e-07
   2.7285381e-07
   2.7094091e-08
  -2.1937338e-07
  -4.6952287e-07
  -7.1361905e-07
  -9.4278435e-07
  -1.1610719e-06
  -1.3729643e-06
  -1.5796391e-06
  -1.7869002e-06
  -1.9864450e-06
  -2.1642271e-06
  -2.3209151e-06
  -2.4537355e-06
  -2.5655166e-06
  -2.6667076e-06
  -2.7569120e-06
  -2.8378139e-06
  -2.9130294e-06
  -2.9827993e-06
  -3.0533885e-06
  -3.1322583e-06
  -3.2111993e-06
  -3.2783082e-06
  -3.3300300e-06
  -3.3573484e-06
  -3.3636601e-06
  -3.3593709e-06
  -3.3383038e-06
  -3.2970175e-06
  -3.2401457e-06
  -3.1695584e-06
  -3.0900878e-06
  -3.0097693e-06
  -2.9251292e-06
  -2.8302973e-06
  -2.7287866e-06
  -2.6214328e-06
  -2.5100894e-06
  -2.4000638e-06
  -2.2913209e-06
  -2.1839015e-06
  -2.0820673e-06
  -1.9894976e-06
  -1.9093420e-06
  -1.8460138e-06
  -1.7945813e-06
  -1.7463184e-06
  -1.6990381e-06
  -1.6471393e-06
  -1.5903952e-06
  -1.5325872e-06
  -1.4676812e-06
  -1.3904280e-06
  -1.3056829e-06
  -1.2187041e-06
  -1.1323758e-06
  -1.0532755e-06
  -9.7724021e-07
  -8.9583675e-07
  -8.1207603e-07
  -7.2645578e-07
  -6.3880097e-07
  -5.5270964e-07
  -4.6650538e-07
  -3.7809251e-07
  -2.9053358e-07
  -2.0654491e-07
  -1.2740528e-07
  -5.5849661e-08
   1.0784498e-08
   7.7541035e-08
   1.4479424e-07
   2.1465200e-07
   2.8691712e-07
   3.5896388e-07
   4.3310764e-07
   5.1126242e-07
   5.9067471e-07
   6.6860159e-07
   7.4302533e-07
   8.1020884e-07
   8.7102309e-07
   9.2799421e-07
   9.7870435e-07
   1.0217299e-06
   1.0574131e-06
   1.0850972e-06
   1.1053384e-06
   1.1194351e-06
   1.1252683e-06
   1.1200838e-06
   1.1035794e-06
   1.0745890e-06
   1.0350903e-06
   9.8916282e-07
   9.3764612e-07
   8.8253390e-07
   8.2495795e-07
   7.6462535e-07
   7.0446237e-07
   6.4744475e-07
   5.9197021e-07
   5.3586913e-07
   4.7877562e-07
   4.1872742e-07
   3.5806970e-07
   3.0118872e-07
   2.4749974e-07
   1.9744088e-07
   1.5092625e-07
   1.0583407e-07
   6.2812758e-08
   2.2321467e-08
  -1.6664312e-08
  -5.4603659e-08
  -9.2518655e-08
  -1.3195335e-07
  -1.7063922e-07
  -2.0510844e-07
  -2.3436371e-07
  -2.5610137e-07
  -2.7059466e-07
  -2.7984059e-07
  -2.8193033e-07
  -2.7549302e-07
  -2.6245943e-07
  -2.4467553e-07
  -2.2380087e-07
  -2.0279297e-07
  -1.8101359e-07
  -1.5667411e-07
  -1.3175769e-07
  -1.0749958e-07
  -8.3803557e-08
  -6.1335966e-08
  -3.9897392e-08
  -1.8740538e-08
   1.4146958e-10
   1.4185934e-08
   2.2767647e-08
   2.4536440e-08
   2.1154224e-08
   1.6166901e-08
   1.0171081e-08
   4.8731316e-09
   8.7113213e-10
  -2.6472448e-09
  -3.2980901e-09
   1.2553122e-09
   8.8817364e-09
   1.6889072e-08
   2.4219360e-08
   2.8214852e-08
   3.0449177e-08
   3.4437978e-08
   3.8774295e-08
   4.3021893e-08
   4.7602407e-08
   5.1514440e-08
   5.5626724e-08
   6.1179359e-08
   6.6910205e-08
   7.1477054e-08
   7.4681876e-08
   7.5654652e-08
   7.5405816e-08
   7.5991567e-08
   7.7518746e-08
   8.0681418e-08
   8.5665770e-08
   9.1786133e-08
   1.0000119e-07
   1.1121214e-07
   1.2424824e-07
   1.3774838e-07
   1.5094460e-07
   1.6231190e-07
   1.7214989e-07
   1.8152431e-07
   1.8933291e-07
   1.9484870e-07
   1.9841889e-07
   2.0005820e-07
   2.0009184e-07
   1.9926836e-07
   1.9666735e-07
   1.9095474e-07
   1.8215907e-07
   1.6989485e-07
   1.5478892e-07
   1.3834479e-07
   1.2073034e-07
   1.0247368e-07
   8.4064443e-08
   6.5499295e-08
   4.7769781e-08
   3.1951157e-08
   1.7348365e-08
   2.9650236e-09
  -1.1381733e-08
  -2.6486343e-08
  -4.1616448e-08
  -5.5254531e-08
  -6.7758663e-08
  -7.9133435e-08
  -8.9332950e-08
  -9.8983642e-08
  -1.0783886e-07
  -1.1563374e-07
  -1.2281694e-07
  -1.2973410e-07
  -1.3667943e-07
  -1.4416963e-07
  -1.5155902e-07
  -1.5776326e-07
  -1.6257034e-07
  -1.6537874e-07
  -1.6626975e-07
  -1.6586251e-07
  -1.6361703e-07
  -1.5913120e-07
  -1.5294000e-07
  -1.4552485e-07
  -1.3732399e-07
  -1.2913315e-07
  -1.2073747e-07
  -1.1160232e-07
  -1.0222366e-07
  -9.2880276e-08
  -8.3574818e-08
  -7.4552340e-08
  -6.5753794e-08
  -5.7000599e-08
  -4.8791545e-08
  -4.1731629e-08
  -3.5998684e-08
  -3.1951238e-08
  -2.9188806e-08
  -2.6863144e-08
  -2.4844549e-08
  -2.2727792e-08
  -2.0398002e-08
  -1.8089869e-08
  -1.5248426e-08
  -1.1337143e-08
  -6.8712489e-09
  -2.4842198e-09
   1.5561366e-09
   4.6052476e-09
   7.0244843e-09
   9.6278769e-09
   1.2072829e-08
   1.4247927e-08
   1.6276447e-08
   1.7963127e-08
   1.9534867e-08
   2.1321166e-08
   2.3037772e-08
   2.4367756e-08
   2.5308016e-08
   2.5695178e-08
   2.5754456e-08
   2.5951916e-08
   2.6314149e-08
   2.6986728e-08
   2.8055635e-08
   2.9428549e-08
   3.1335863e-08
   3.4009537e-08
   3.7162494e-08
   4.0426356e-08
   4.3624783e-08
   4.6391380e-08
   4.8787003e-08
   5.1071497e-08
   5.2958673e-08
   5.4246620e-08
   5.5069176e-08
   5.5500602e-08
   5.5647322e-08
   5.5745016e-08
   5.5568526e-08
   5.4758850e-08
   5.3367228e-08
   5.1332793e-08
   4.8754219e-08
   4.5936067e-08
   4.2873328e-08
   3.9613722e-08
   3.6283657e-08
   3.2921764e-08
   2.9706507e-08
   2.6853732e-08
   2.4204016e-08
   2.1511144e-08
   1.8735971e-08
   1.5711977e-08
   1.2556788e-08
   9.5540733e-09
   6.6041349e-09
   3.6707727e-09
   8.1369033e-10
  -2.0110620e-09
  -4.7252833e-09
  -7.2149561e-09
  -9.5645653e-09
  -1.1873942e-08
  -1.4139823e-08
  -1.6412085e-08
  -1.8597705e-08
  -2.0517765e-08
  -2.2149189e-08
  -2.3423927e-08
  -2.4310971e-08
  -2.4848377e-08
  -2.4945820e-08
  -2.4516920e-08
  -2.3678736e-08
  -2.2581016e-08
  -2.1303577e-08
  -2.0002857e-08
  -1.8664835e-08
  -1.7198964e-08
  -1.5733809e-08
  -1.4365731e-08
  -1.3059266e-08
  -1.1804328e-08
  -1.0579878e-08
  -9.3152218e-09
  -8.1266365e-09
  -7.1863127e-09
  -6.5039164e-09
  -6.1363367e-09
  -6.0156360e-09
  -5.9661384e-09
  -5.9747693e-09
  -5.9830440e-09
  -5.9466009e-09
  -5.8845950e-09
  -5.6860932e-09
  -5.2323947e-09
  -4.6378601e-09
  -4.0580141e-09
  -3.5444568e-09
  -3.2309376e-09
  -3.0489403e-09
  -2.8276702e-09
  -2.6469425e-09
  -2.5409575e-09
  -2.4716130e-09
  -2.4624044e-09
  -2.4606565e-09
  -2.3843997e-09
  -2.2950826e-09
  -2.2699016e-09
  -2.2986435e-09
  -2.4075712e-09
  -2.5549031e-09
  -2.6458193e-09
  -2.6787963e-09
  -2.6323630e-09
  -2.4804690e-09
  -2.2295710e-09
  -1.8336608e-09
  -1.2422897e-09
  -5.1849766e-10
   2.5054417e-10
   1.0285661e-09
   1.7379924e-09
   2.3870785e-09
   3.0284966e-09
   3.5967266e-09
   4.0424252e-09
   4.3983883e-09
   4.6877976e-09
   4.9336652e-09
   5.1900066e-09
   5.4058101e-09
   5.4967996e-09
   5.4763926e-09
   5.3326126e-09
   5.0844187e-09
   4.7973010e-09
   4.4678764e-09
   4.1029155e-09
   3.7312878e-09
   3.3636882e-09
   3.0376394e-09
   2.8000426e-09
   2.6139978e-09
   2.4217112e-09
   2.2137479e-09
   1.9523000e-09
   1.6610942e-09
   1.4011110e-09
   1.1481135e-09
   8.9148427e-10
   6.4316978e-10
   3.9242061e-10
   1.5453288e-10
  -4.6933352e-11
  -2.3305552e-10
  -4.2889805e-10
  -6.3572897e-10
  -8.6678890e-10
  -1.1041621e-09
  -1.3107549e-09
  -1.4842839e-09
  -1.6127277e-09
  -1.6918046e-09
  -1.7325331e-09
  -1.7179473e-09
  -1.6319053e-09
  -1.4940238e-09
  -1.3272743e-09
  -1.1443584e-09
  -9.7103769e-10
  -8.0204812e-10
  -6.1908027e-10
  -4.4095413e-10
  -2.8017949e-10
  -1.3197058e-10
   2.2578748e-12
   1.2685171e-10
   2.5287994e-10
   3.6352494e-10
   4.3522281e-10
   4.6636191e-10
   4.4824420e-10
   3.9183074e-10
   3.2353310e-10
   2.4580442e-10
   1.6810702e-10
   9.6859943e-11
   2.8856520e-11
  -1.9269698e-11
  -3.0020889e-11
  -1.8691285e-11
  -5.7793447e-12
   2.1579520e-12
  -1.2965772e-11
  -4.0337438e-11
  -5.4875575e-11
  -6.6641164e-11
  -7.9123224e-11
  -8.9002532e-11
  -1.0297903e-10
  -1.1501614e-10
  -1.1629863e-10
  -1.1588356e-10
  -1.2361465e-10
  -1.4094908e-10
  -1.7416156e-10
  -2.1611530e-10
  -2.5211626e-10
  -2.8151699e-10
  -2.9947889e-10
  -3.0487863e-10
  -3.0291368e-10
  -2.8692624e-10
  -2.5070916e-10
  -2.0125402e-10
  -1.4617690e-10
  -8.9874281e-11
  -4.1486505e-11
   1.7829000e-12
   4.7501123e-11
   8.9703334e-11
   1.2497371e-10
   1.5532272e-10
   1.8020315e-10
   2.0196782e-10
   2.2517634e-10
   2.4489338e-10
   2.5426372e-10
   2.5353738e-10
   2.4058993e-10
   2.1806255e-10
   1.9284889e-10
   1.6504206e-10
   1.3630161e-10
   1.0867144e-10
   8.1858518e-11
   5.9794815e-11
   4.6889242e-11
   3.9604529e-11
   3.3001073e-11
   2.5858704e-11
   1.4227430e-11
   6.5345248e-13
  -8.9066828e-12
  -1.6690510e-11
  -2.3467963e-11
  -2.8583552e-11
  -3.3817354e-11
  -3.7927186e-11
  -3.9121750e-11
  -3.9558029e-11
  -4.1488593e-11
  -4.5535223e-11
  -5.3417260e-11
  -6.3395390e-11
  -7.1952419e-11
  -7.8944919e-11
  -8.3133623e-11
  -8.4561226e-11
  -8.4920039e-11
  -8.2722594e-11
  -7.6696189e-11
  -6.8196426e-11
  -5.8385501e-11
  -4.8170301e-11
  -3.9389512e-11
  -3.1255473e-11
  -2.2098611e-11
  -1.2883653e-11
  -3.9799635e-12
   4.6572947e-12
   1.2335183e-11
   1.9382440e-11
   2.6334091e-11
   3.2290503e-11
   3.6278187e-11
   3.8033875e-11
   3.6914307e-11
   3.3648718e-11
   2.9721752e-11
   2.5322268e-11
   2.1110134e-11
   1.7285683e-11
   1.3441337e-11
   1.0482142e-11
   9.2815091e-12
   9.1091894e-12
   9.1026152e-12
   8.9105480e-12
   7.6141881e-12
   5.8271155e-12
   4.8325411e-12
   4.1901744e-12
   3.8146993e-12
   3.7704758e-12
   3.5644208e-12
   3.4547439e-12
   3.7724109e-12
   4.0709793e-12
   3.9412294e-12
   3.2073502e-12
   1.4733733e-12
  -8.5839851e-13
  -3.0257424e-12
  -4.9702819e-12
  -6.3779003e-12
  -7.2768732e-12
  -8.0613228e-12
  -8.3895837e-12
  -7.9811602e-12
  -7.1200823e-12
  -6.0321189e-12
  -4.9135371e-12
  -4.1624774e-12
  -3.5843568e-12
  -2.7950234e-12
  -1.9866481e-12
  -1.2153865e-12
  -4.5080424e-13
   1.7655760e-13
   7.6711441e-13
   1.4673980e-12
   2.1088840e-12
   2.5095590e-12
   2.6451690e-12
   2.4094955e-12
   1.9102960e-12
   1.3841430e-12
   8.3578453e-13
   3.3744795e-13
  -7.4629687e-14
  -4.5857609e-13
  -6.9192649e-13
  -6.4999754e-13
  -4.4557807e-13
  -2.1382725e-13
  -7.5215376e-15
   3.8096014e-14
  -2.6849935e-15
   3.9633156e-14
   9.0978272e-14
   1.2483499e-13
   1.6647562e-13
   1.7483540e-13
   1.9451706e-13
   2.9201519e-13
   4.0438688e-13
   4.6048840e-13
   4.5626516e-13
   3.5365371e-13
   1.8723690e-13
   3.8781745e-14
  -9.8240306e-14
  -2.0922779e-13
  -2.8650526e-13
  -3.5689458e-13
  -3.8965282e-13
  -3.5333354e-13
  -2.7733352e-13
  -1.9134943e-13
  -1.0977214e-13
  -6.7384557e-14
  -4.7540033e-14
  -1.2648089e-14
   1.8443598e-14
   3.8522016e-14
   5.4551770e-14
   5.9429985e-14
   6.4605286e-14
   8.7720771e-14
   1.1447010e-13
   1.2758014e-13
   1.2885166e-13
   1.1206597e-13
   8.2507815e-14
   5.5542179e-14
   2.8275320e-14
   7.8290346e-16
  -2.2886004e-14
  -4.4020161e-14
  -5.6916734e-14
  -5.4338753e-14
  -4.2557166e-14
  -2.9943848e-14
  -1.8364277e-14
  -1.4061756e-14
  -1.4085828e-14
  -1.0332672e-14
  -6.8974934e-15
  -5.8636360e-15
  -5.2756649e-15
  -6.0275820e-15
  -5.8149779e-15
  -7.9910206e-16
   5.9023891e-15
   1.0238469e-14
   1.2618570e-14
   1.1686547e-14
   8.4220971e-15
   6.0633706e-15
   3.7905672e-15
   1.3677168e-15
  -5.8315986e-16
  -2.6648856e-15
  -3.9875350e-15
  -3.3664324e-15
  -1.7633155e-15
  -2.7071582e-16
   8.9469858e-16
   8.6764766e-16
   1.5715606e-16
  -8.8285620e-18
  -8.9335150e-17
  -2.2503897e-16
  -2.5859816e-16
  -5.2491352e-16
  -7.2363928e-16
  -4.3231761e-16
   3.0229378e-17
   3.6330587e-16
   5.7742317e-16
   4.9408586e-16
   2.3215399e-16
   9.5955362e-17
  -5.1221060e-20
  -7.0908354e-17
  -8.8782640e-17
  -1.5267381e-16
  -1.9970284e-16
  -1.5183583e-16
  -6.8151501e-17
   1.2986449e-17
   7.8059842e-17
   7.5533541e-17
   3.6579093e-17
   2.2623011e-17
   1.3420497e-17
   8.2028007e-18
   1.0285763e-17
  -3.3555970e-18
  -1.7884569e-17
  -1.5487399e-17
  -7.8342281e-18
  -1.0276031e-18
   5.2782752e-18
   4.1127516e-18
  -6.1465246e-19
  -7.2862113e-19
   8.5362809e-20
   2.8566889e-19
   1.0337851e-18
   3.5238376e-19
  -7.6224081e-19
  -5.5552066e-19
  -7.5050455e-20
   1.0080131e-19
   2.8112320e-19
   1.8111033e-19
  -7.6697007e-20
  -8.4034523e-20
  -2.6008432e-20
  -1.8658918e-20
   1.7533818e-20
   1.9035641e-20
  -4.4098661e-21
  -2.1643316e-21
   6.8995549e-22
  -1.3675038e-21
   4.5192740e-22
   5.1755375e-22
  -3.6023998e-22
  -5.1192255e-23
   8.8862615e-23
  -8.9779356e-24
  -8.0452276e-24
   1.8142485e-24
