   1.3877160e-03
   6.1537827e-03
   1.5498893e-02
   3.1210890e-02
   5.4124454e-02
   8.4507465e-02
   1.2431288e-01
   1.7539170e-01
   2.3169620e-01
   2.8443041e-01
   3.2881384e-01
   3.5684592e-01
   3.6675115e-01
   3.6011167e-01
   3.2898582e-01
   2.6639287e-01
   1.8372766e-01
   9.6618762e-02
   1.3492255e-02
  -4.9934936e-02
  -9.4881608e-02
  -1.3046075e-01
  -1.4366897e-01
  -1.2473662e-01
  -8.5598872e-02
  -3.9241280e-02
   4.8926042e-03
   2.8778747e-02
   3.9093715e-02
   5.1554778e-02
   5.5273632e-02
   4.4761730e-02
   2.6826746e-02
   4.0946111e-03
  -1.5644170e-02
  -1.9370029e-02
  -1.4598713e-02
  -1.3393520e-02
  -1.1070794e-02
  -7.8488736e-03
  -4.8554947e-03
   1.7627119e-03
   7.5272058e-03
   6.8524407e-03
   3.5032499e-03
   1.1336975e-03
  -8.9252150e-04
  -8.4941722e-04
   3.7591772e-04
  -1.2590892e-04
  -8.4817342e-04
  -7.1312599e-04
  -4.8929456e-04
   3.7058538e-05
   5.9711578e-04
   4.3108092e-04
   4.2478661e-06
  -1.2677230e-04
  -1.8176706e-04
  -1.1804588e-04
   5.0883781e-05
   6.2060836e-05
   1.6542643e-05
   1.1277161e-05
  -1.0982551e-05
  -1.2961991e-05
   2.7674987e-06
   1.5189884e-06
  -4.5089728e-07
   9.3687247e-07
  -3.1144631e-07
  -3.5667278e-07
   2.4825982e-07
   3.5279203e-08
  -6.1239778e-08
   6.1871551e-09
   5.5443782e-09
  -1.2502915e-09
