   2.6724021e-09
   1.1850683e-08
   2.9847083e-08
   6.0104552e-08
   1.0423048e-07
   1.6274074e-07
   2.3939624e-07
   3.3776157e-07
   4.5804098e-07
   6.0029498e-07
   7.6557108e-07
   9.5372983e-07
   1.1684799e-06
   1.4151558e-06
   1.6951414e-06
   2.0108006e-06
   2.3622784e-06
   2.7473713e-06
   3.1673064e-06
   3.6224815e-06
   4.1133392e-06
   4.6416029e-06
   5.2064990e-06
   5.8070393e-06
   6.4475781e-06
   7.1336051e-06
   7.8680761e-06
   8.6558572e-06
   9.4973611e-06
   1.0390665e-05
   1.1339622e-05
   1.2347120e-05
   1.3411721e-05
   1.4532274e-05
   1.5707495e-05
   1.6934345e-05
   1.8214941e-05
   1.9552918e-05
   2.0946707e-05
   2.2395823e-05
   2.3901558e-05
   2.5464153e-05
   2.7085096e-05
   2.8766630e-05
   3.0507160e-05
   3.2304304e-05
   3.4158383e-05
   3.6068701e-05
   3.8039432e-05
   4.0077661e-05
   4.2185978e-05
   4.4368798e-05
   4.6628544e-05
   4.8965403e-05
   5.1384814e-05
   5.3892101e-05
   5.6485501e-05
   5.9162421e-05
   6.1922804e-05
   6.4764056e-05
   6.7690442e-05
   7.0709341e-05
   7.3820263e-05
   7.7024309e-05
   8.0320872e-05
   8.3705740e-05
   8.7179498e-05
   9.0742039e-05
   9.4391380e-05
   9.8126694e-05
   1.0194527e-04
   1.0584355e-04
   1.0982492e-04
   1.1389459e-04
   1.1805355e-04
   1.2230513e-04
   1.2664743e-04
   1.3107529e-04
   1.3559079e-04
   1.4019478e-04
   1.4488728e-04
   1.4967070e-04
   1.5454453e-04
   1.5950797e-04
   1.6456319e-04
   1.6971218e-04
   1.7495624e-04
   1.8029755e-04
   1.8573400e-04
   1.9126168e-04
   1.9688008e-04
   2.0258724e-04
   2.0838354e-04
   2.1427134e-04
   2.2024872e-04
   2.2631419e-04
   2.3247293e-04
   2.3873132e-04
   2.4509364e-04
   2.5156685e-04
   2.5815191e-04
   2.6484728e-04
   2.7165906e-04
   2.7859229e-04
   2.8564698e-04
   2.9282386e-04
   3.0012366e-04
   3.0754519e-04
   3.1509430e-04
   3.2277911e-04
   3.3060147e-04
   3.3856500e-04
   3.4666787e-04
   3.5490377e-04
   3.6327306e-04
   3.7177406e-04
   3.8040621e-04
   3.8917169e-04
   3.9806678e-04
   4.0708754e-04
   4.1624016e-04
   4.2553256e-04
   4.3496831e-04
   4.4455454e-04
   4.5428941e-04
   4.6416658e-04
   4.7419077e-04
   4.8436464e-04
   4.9468531e-04
   5.0515157e-04
   5.1576017e-04
   5.2650557e-04
   5.3739022e-04
   5.4841824e-04
   5.5958696e-04
   5.7089551e-04
   5.8234305e-04
   5.9392656e-04
   6.0564620e-04
   6.1750236e-04
   6.2949171e-04
   6.4161087e-04
   6.5385775e-04
   6.6622917e-04
   6.7872916e-04
   6.9136509e-04
   7.0413880e-04
   7.1705480e-04
   7.3011365e-04
   7.4331267e-04
   7.5665693e-04
   7.7015097e-04
   7.8379057e-04
   7.9757086e-04
   8.1148939e-04
   8.2554050e-04
   8.3972752e-04
   8.5405749e-04
   8.6852758e-04
   8.8313700e-04
   8.9788739e-04
   9.1277786e-04
   9.2781096e-04
   9.4299030e-04
   9.5831384e-04
   9.7377905e-04
   9.8938676e-04
   1.0051364e-03
   1.0210297e-03
   1.0370708e-03
   1.0532599e-03
   1.0695981e-03
   1.0860870e-03
   1.1027269e-03
   1.1195201e-03
   1.1364688e-03
   1.1535701e-03
   1.1708196e-03
   1.1882153e-03
   1.2057537e-03
   1.2234347e-03
   1.2412608e-03
   1.2592285e-03
   1.2773349e-03
   1.2955820e-03
   1.3139716e-03
   1.3325048e-03
   1.3511847e-03
   1.3700084e-03
   1.3889713e-03
   1.4080743e-03
   1.4273169e-03
   1.4467035e-03
   1.4662430e-03
   1.4859381e-03
   1.5057938e-03
   1.5258140e-03
   1.5460000e-03
   1.5663589e-03
   1.5868982e-03
   1.6076160e-03
   1.6285091e-03
   1.6495784e-03
   1.6708216e-03
   1.6922449e-03
   1.7138589e-03
   1.7356639e-03
   1.7576625e-03
   1.7798555e-03
   1.8022393e-03
   1.8248162e-03
   1.8475881e-03
   1.8705543e-03
   1.8937155e-03
   1.9170706e-03
   1.9406174e-03
   1.9643627e-03
   1.9883158e-03
   2.0124807e-03
   2.0368646e-03
   2.0614681e-03
   2.0862879e-03
   2.1113299e-03
   2.1365990e-03
   2.1620905e-03
   2.1877999e-03
   2.2137234e-03
   2.2398537e-03
   2.2661931e-03
   2.2927471e-03
   2.3195107e-03
   2.3464806e-03
   2.3736586e-03
   2.4010448e-03
   2.4286408e-03
   2.4564500e-03
   2.4844675e-03
   2.5126861e-03
   2.5411053e-03
   2.5697224e-03
   2.5985433e-03
   2.6275800e-03
   2.6568354e-03
   2.6863154e-03
   2.7160235e-03
   2.7459585e-03
   2.7761290e-03
   2.8065433e-03
   2.8371960e-03
   2.8680798e-03
   2.8991924e-03
   2.9305270e-03
   2.9620895e-03
   2.9938920e-03
   3.0259312e-03
   3.0582067e-03
   3.0907181e-03
   3.1234589e-03
   3.1564302e-03
   3.1896329e-03
   3.2230625e-03
   3.2567152e-03
   3.2905871e-03
   3.3246725e-03
   3.3589755e-03
   3.3935036e-03
   3.4282570e-03
   3.4632393e-03
   3.4984478e-03
   3.5338752e-03
   3.5695241e-03
   3.6053957e-03
   3.6414874e-03
   3.6777988e-03
   3.7143274e-03
   3.7510691e-03
   3.7880257e-03
   3.8251995e-03
   3.8625894e-03
   3.9001955e-03
   3.9380149e-03
   3.9760424e-03
   4.0142767e-03
   4.0527155e-03
   4.0913568e-03
   4.1302000e-03
   4.1692418e-03
   4.2084789e-03
   4.2479166e-03
   4.2875628e-03
   4.3274211e-03
   4.3674988e-03
   4.4077963e-03
   4.4483105e-03
   4.4890484e-03
   4.5300157e-03
   4.5712099e-03
   4.6126291e-03
   4.6542723e-03
   4.6961357e-03
   4.7382253e-03
   4.7805508e-03
   4.8231123e-03
   4.8659122e-03
   4.9089470e-03
   4.9522073e-03
   4.9956922e-03
   5.0393986e-03
   5.0833236e-03
   5.1274676e-03
   5.1718242e-03
   5.2163868e-03
   5.2611613e-03
   5.3061565e-03
   5.3513748e-03
   5.3968234e-03
   5.4424982e-03
   5.4883896e-03
   5.5345017e-03
   5.5808363e-03
   5.6273925e-03
   5.6741735e-03
   5.7211777e-03
   5.7684022e-03
   5.8158512e-03
   5.8635290e-03
   5.9114370e-03
   5.9595786e-03
   6.0079511e-03
   6.0565489e-03
   6.1053722e-03
   6.1544194e-03
   6.2036909e-03
   6.2531899e-03
   6.3029143e-03
   6.3528624e-03
   6.4030373e-03
   6.4534421e-03
   6.5040791e-03
   6.5549523e-03
   6.6060613e-03
   6.6574035e-03
   6.7089816e-03
   6.7607974e-03
   6.8128512e-03
   6.8651446e-03
   6.9176776e-03
   6.9704497e-03
   7.0234635e-03
   7.0767219e-03
   7.1302261e-03
   7.1839779e-03
   7.2379741e-03
   7.2922086e-03
   7.3466797e-03
   7.4013834e-03
   7.4563186e-03
   7.5114860e-03
   7.5668810e-03
   7.6224991e-03
   7.6783423e-03
   7.7344134e-03
   7.7907130e-03
   7.8472438e-03
   7.9040019e-03
   7.9609803e-03
   8.0181794e-03
   8.0755980e-03
   8.1332373e-03
   8.1911023e-03
   8.2491926e-03
   8.3075088e-03
   8.3660528e-03
   8.4248248e-03
   8.4838278e-03
   8.5430652e-03
   8.6025331e-03
   8.6622255e-03
   8.7221406e-03
   8.7822740e-03
   8.8426272e-03
   8.9032052e-03
   8.9640047e-03
   9.0250240e-03
   9.0862692e-03
   9.1477470e-03
   9.2094630e-03
   9.2714262e-03
   9.3336372e-03
   9.3960937e-03
   9.4588029e-03
   9.5217705e-03
   9.5849975e-03
   9.6484863e-03
   9.7122384e-03
   9.7762533e-03
   9.8405385e-03
   9.9051036e-03
   9.9699521e-03
   1.0035089e-02
   1.0100513e-02
   1.0166215e-02
   1.0232197e-02
   1.0298456e-02
   1.0364991e-02
   1.0431809e-02
   1.0498903e-02
   1.0566270e-02
   1.0633918e-02
   1.0701859e-02
   1.0770097e-02
   1.0838643e-02
   1.0907494e-02
   1.0976645e-02
   1.1046101e-02
   1.1115868e-02
   1.1185942e-02
   1.1256323e-02
   1.1327010e-02
   1.1397996e-02
   1.1469285e-02
   1.1540885e-02
   1.1612792e-02
   1.1685009e-02
   1.1757535e-02
   1.1830367e-02
   1.1903508e-02
   1.1976960e-02
   1.2050719e-02
   1.2124785e-02
   1.2199155e-02
   1.2273827e-02
   1.2348810e-02
   1.2424113e-02
   1.2499743e-02
   1.2575706e-02
   1.2652006e-02
   1.2728641e-02
   1.2805620e-02
   1.2882952e-02
   1.2960633e-02
   1.3038660e-02
   1.3117031e-02
   1.3195744e-02
   1.3274803e-02
   1.3354222e-02
   1.3434000e-02
   1.3514137e-02
   1.3594632e-02
   1.3675474e-02
   1.3756663e-02
   1.3838196e-02
   1.3920068e-02
   1.4002279e-02
   1.4084820e-02
   1.4167684e-02
   1.4250876e-02
   1.4334405e-02
   1.4418271e-02
   1.4502480e-02
   1.4587025e-02
   1.4671897e-02
   1.4757096e-02
   1.4842622e-02
   1.4928476e-02
   1.5014662e-02
   1.5101178e-02
   1.5188024e-02
   1.5275201e-02
   1.5362712e-02
   1.5450559e-02
   1.5538746e-02
   1.5627268e-02
   1.5716114e-02
   1.5805281e-02
   1.5894764e-02
   1.5984563e-02
   1.6074682e-02
   1.6165116e-02
   1.6255861e-02
   1.6346925e-02
   1.6438318e-02
   1.6530048e-02
   1.6622127e-02
   1.6714554e-02
   1.6807325e-02
   1.6900450e-02
   1.6993936e-02
   1.7087783e-02
   1.7181992e-02
   1.7276561e-02
   1.7371490e-02
   1.7466785e-02
   1.7562462e-02
   1.7658523e-02
   1.7754973e-02
   1.7851807e-02
   1.7949011e-02
   1.8046584e-02
   1.8144521e-02
   1.8242819e-02
   1.8341480e-02
   1.8440497e-02
   1.8539860e-02
   1.8639579e-02
   1.8739668e-02
   1.8840130e-02
   1.8940980e-02
   1.9042211e-02
   1.9143809e-02
   1.9245781e-02
   1.9348131e-02
   1.9450842e-02
   1.9553897e-02
   1.9657281e-02
   1.9760968e-02
   1.9864957e-02
   1.9969252e-02
   2.0073832e-02
   2.0178682e-02
   2.0283798e-02
   2.0389171e-02
   2.0494797e-02
   2.0600675e-02
   2.0706783e-02
   2.0813094e-02
   2.0919599e-02
   2.1026280e-02
   2.1133144e-02
   2.1240208e-02
   2.1347472e-02
   2.1454940e-02
   2.1562609e-02
   2.1670467e-02
   2.1778523e-02
   2.1886787e-02
   2.1995235e-02
   2.2103835e-02
   2.2212572e-02
   2.2321415e-02
   2.2430366e-02
   2.2539444e-02
   2.2648628e-02
   2.2757905e-02
   2.2867279e-02
   2.2976752e-02
   2.3086329e-02
   2.3196028e-02
   2.3305833e-02
   2.3415725e-02
   2.3525710e-02
   2.3635785e-02
   2.3745947e-02
   2.3856200e-02
   2.3966538e-02
   2.4076953e-02
   2.4187450e-02
   2.4298036e-02
   2.4408712e-02
   2.4519482e-02
   2.4630324e-02
   2.4741203e-02
   2.4852102e-02
   2.4962998e-02
   2.5073880e-02
   2.5184748e-02
   2.5295576e-02
   2.5406336e-02
   2.5517035e-02
   2.5627685e-02
   2.5738284e-02
   2.5848844e-02
   2.5959344e-02
   2.6069745e-02
   2.6180049e-02
   2.6290248e-02
   2.6400351e-02
   2.6510385e-02
   2.6620353e-02
   2.6730261e-02
   2.6840121e-02
   2.6949936e-02
   2.7059727e-02
   2.7169517e-02
   2.7279288e-02
   2.7389013e-02
   2.7498688e-02
   2.7608294e-02
   2.7717847e-02
   2.7827383e-02
   2.7936891e-02
   2.8046372e-02
   2.8155824e-02
   2.8265228e-02
   2.8374589e-02
   2.8483908e-02
   2.8593175e-02
   2.8702382e-02
   2.8811517e-02
   2.8920568e-02
   2.9029550e-02
   2.9138494e-02
   2.9247404e-02
   2.9356300e-02
   2.9465178e-02
   2.9574020e-02
   2.9682841e-02
   2.9791653e-02
   2.9900426e-02
   3.0009125e-02
   3.0117726e-02
   3.0226186e-02
   3.0334503e-02
   3.0442690e-02
   3.0550714e-02
   3.0658547e-02
   3.0766189e-02
   3.0873635e-02
   3.0980881e-02
   3.1087936e-02
   3.1194765e-02
   3.1301325e-02
   3.1407603e-02
   3.1513579e-02
   3.1619266e-02
   3.1724708e-02
   3.1829905e-02
   3.1934870e-02
   3.2039610e-02
   3.2144110e-02
   3.2248398e-02
   3.2352499e-02
   3.2456377e-02
   3.2559988e-02
   3.2663311e-02
   3.2766305e-02
   3.2868984e-02
   3.2971389e-02
   3.3073495e-02
   3.3175287e-02
   3.3276782e-02
   3.3377981e-02
   3.3478904e-02
   3.3579579e-02
   3.3679992e-02
   3.3780120e-02
   3.3879975e-02
   3.3979558e-02
   3.4078876e-02
   3.4177952e-02
   3.4276785e-02
   3.4375378e-02
   3.4473745e-02
   3.4571901e-02
   3.4669859e-02
   3.4767637e-02
   3.4865214e-02
   3.4962551e-02
   3.5059636e-02
   3.5156444e-02
   3.5252974e-02
   3.5349243e-02
   3.5445223e-02
   3.5540892e-02
   3.5636270e-02
   3.5731381e-02
   3.5826237e-02
   3.5920869e-02
   3.6015257e-02
   3.6109366e-02
   3.6203208e-02
   3.6296787e-02
   3.6390097e-02
   3.6483149e-02
   3.6575932e-02
   3.6668432e-02
   3.6760660e-02
   3.6852628e-02
   3.6944337e-02
   3.7035795e-02
   3.7126990e-02
   3.7217901e-02
   3.7308527e-02
   3.7398860e-02
   3.7488896e-02
   3.7578640e-02
   3.7668081e-02
   3.7757208e-02
   3.7846036e-02
   3.7934584e-02
   3.8022863e-02
   3.8110890e-02
   3.8198664e-02
   3.8286175e-02
   3.8373437e-02
   3.8460462e-02
   3.8547245e-02
   3.8633782e-02
   3.8720068e-02
   3.8806093e-02
   3.8891870e-02
   3.8977418e-02
   3.9062738e-02
   3.9147832e-02
   3.9232677e-02
   3.9317228e-02
   3.9401469e-02
   3.9485373e-02
   3.9568921e-02
   3.9652110e-02
   3.9734902e-02
   3.9817260e-02
   3.9899193e-02
   3.9980716e-02
   4.0061825e-02
   4.0142531e-02
   4.0222803e-02
   4.0302586e-02
   4.0381876e-02
   4.0460659e-02
   4.0538935e-02
   4.0616725e-02
   4.0694019e-02
   4.0770810e-02
   4.0847102e-02
   4.0922891e-02
   4.0998185e-02
   4.1072998e-02
   4.1147294e-02
   4.1221025e-02
   4.1294168e-02
   4.1366685e-02
   4.1438576e-02
   4.1509860e-02
   4.1580508e-02
   4.1650495e-02
   4.1719844e-02
   4.1788579e-02
   4.1856720e-02
   4.1924304e-02
   4.1991320e-02
   4.2057739e-02
   4.2123586e-02
   4.2188878e-02
   4.2253606e-02
   4.2317774e-02
   4.2381373e-02
   4.2444387e-02
   4.2506843e-02
   4.2568775e-02
   4.2630187e-02
   4.2691096e-02
   4.2751469e-02
   4.2811246e-02
   4.2870412e-02
   4.2928934e-02
   4.2986797e-02
   4.3044008e-02
   4.3100522e-02
   4.3156297e-02
   4.3211362e-02
   4.3265753e-02
   4.3319483e-02
   4.3372588e-02
   4.3425037e-02
   4.3476769e-02
   4.3527799e-02
   4.3578130e-02
   4.3627768e-02
   4.3676754e-02
   4.3725083e-02
   4.3772757e-02
   4.3819802e-02
   4.3866238e-02
   4.3912089e-02
   4.3957391e-02
   4.4002123e-02
   4.4046247e-02
   4.4089762e-02
   4.4132650e-02
   4.4174930e-02
   4.4216647e-02
   4.4257790e-02
   4.4298356e-02
   4.4338359e-02
   4.4377797e-02
   4.4416687e-02
   4.4455048e-02
   4.4492873e-02
   4.4530153e-02
   4.4566891e-02
   4.4603087e-02
   4.4638760e-02
   4.4673946e-02
   4.4708655e-02
   4.4742905e-02
   4.4776707e-02
   4.4810062e-02
   4.4842992e-02
   4.4875518e-02
   4.4907611e-02
   4.4939229e-02
   4.4970352e-02
   4.5000940e-02
   4.5030992e-02
   4.5060529e-02
   4.5089515e-02
   4.5117920e-02
   4.5145757e-02
   4.5173037e-02
   4.5199767e-02
   4.5225970e-02
   4.5251612e-02
   4.5276642e-02
   4.5301060e-02
   4.5324851e-02
   4.5348040e-02
   4.5370685e-02
   4.5392792e-02
   4.5414384e-02
   4.5435478e-02
   4.5456074e-02
   4.5476210e-02
   4.5495928e-02
   4.5515194e-02
   4.5533961e-02
   4.5552217e-02
   4.5569921e-02
   4.5587099e-02
   4.5603811e-02
   4.5620035e-02
   4.5635763e-02
   4.5651000e-02
   4.5665723e-02
   4.5679944e-02
   4.5693677e-02
   4.5706899e-02
   4.5719587e-02
   4.5731731e-02
   4.5743310e-02
   4.5754341e-02
   4.5764861e-02
   4.5774869e-02
   4.5784379e-02
   4.5793387e-02
   4.5801870e-02
   4.5809842e-02
   4.5817314e-02
   4.5824270e-02
   4.5830696e-02
   4.5836580e-02
   4.5841900e-02
   4.5846662e-02
   4.5850882e-02
   4.5854546e-02
   4.5857649e-02
   4.5860187e-02
   4.5862148e-02
   4.5863532e-02
   4.5864339e-02
   4.5864558e-02
   4.5864174e-02
   4.5863182e-02
   4.5861569e-02
   4.5859360e-02
   4.5856591e-02
   4.5853278e-02
   4.5849447e-02
   4.5845108e-02
   4.5840255e-02
   4.5834918e-02
   4.5829127e-02
   4.5822871e-02
   4.5816137e-02
   4.5808923e-02
   4.5801214e-02
   4.5793036e-02
   4.5784436e-02
   4.5775413e-02
   4.5765976e-02
   4.5756120e-02
   4.5745811e-02
   4.5735052e-02
   4.5723839e-02
   4.5712161e-02
   4.5700020e-02
   4.5687397e-02
   4.5674270e-02
   4.5660666e-02
   4.5646625e-02
   4.5632162e-02
   4.5617305e-02
   4.5602046e-02
   4.5586353e-02
   4.5570247e-02
   4.5553742e-02
   4.5536802e-02
   4.5519393e-02
   4.5501484e-02
   4.5483022e-02
   4.5464008e-02
   4.5444458e-02
   4.5424334e-02
   4.5403606e-02
   4.5382269e-02
   4.5360306e-02
   4.5337710e-02
   4.5314486e-02
   4.5290591e-02
   4.5265974e-02
   4.5240615e-02
   4.5214482e-02
   4.5187594e-02
   4.5159998e-02
   4.5131693e-02
   4.5102696e-02
   4.5073008e-02
   4.5042603e-02
   4.5011510e-02
   4.4979757e-02
   4.4947293e-02
   4.4914063e-02
   4.4880034e-02
   4.4845150e-02
   4.4809422e-02
   4.4772895e-02
   4.4735533e-02
   4.4697312e-02
   4.4658246e-02
   4.4618334e-02
   4.4577594e-02
   4.4536058e-02
   4.4493703e-02
   4.4450491e-02
   4.4406435e-02
   4.4361529e-02
   4.4315776e-02
   4.4269192e-02
   4.4221769e-02
   4.4173498e-02
   4.4124394e-02
   4.4074469e-02
   4.4023729e-02
   4.3972189e-02
   4.3919809e-02
   4.3866528e-02
   4.3812320e-02
   4.3757141e-02
   4.3700978e-02
   4.3643839e-02
   4.3585676e-02
   4.3526447e-02
   4.3466166e-02
   4.3404856e-02
   4.3342521e-02
   4.3279186e-02
   4.3214815e-02
   4.3149343e-02
   4.3082775e-02
   4.3015101e-02
   4.2946343e-02
   4.2876559e-02
   4.2805757e-02
   4.2733955e-02
   4.2661180e-02
   4.2587442e-02
   4.2512783e-02
   4.2437255e-02
   4.2360827e-02
   4.2283455e-02
   4.2205135e-02
   4.2125838e-02
   4.2045598e-02
   4.1964487e-02
   4.1882494e-02
   4.1799622e-02
   4.1715874e-02
   4.1631220e-02
   4.1545673e-02
   4.1459243e-02
   4.1371915e-02
   4.1283678e-02
   4.1194520e-02
   4.1104418e-02
   4.1013410e-02
   4.0921557e-02
   4.0828877e-02
   4.0735408e-02
   4.0641150e-02
   4.0546077e-02
   4.0450221e-02
   4.0353610e-02
   4.0256197e-02
   4.0157924e-02
   4.0058752e-02
   3.9958611e-02
   3.9857505e-02
   3.9755465e-02
   3.9652433e-02
   3.9548370e-02
   3.9443280e-02
   3.9337161e-02
   3.9230012e-02
   3.9121856e-02
   3.9012638e-02
   3.8902283e-02
   3.8790778e-02
   3.8678091e-02
   3.8564256e-02
   3.8449357e-02
   3.8333403e-02
   3.8216427e-02
   3.8098445e-02
   3.7979441e-02
   3.7859470e-02
   3.7738587e-02
   3.7616735e-02
   3.7493840e-02
   3.7369873e-02
   3.7244765e-02
   3.7118551e-02
   3.6991314e-02
   3.6863015e-02
   3.6733637e-02
   3.6603225e-02
   3.6471800e-02
   3.6339410e-02
   3.6206130e-02
   3.6071943e-02
   3.5936817e-02
   3.5800794e-02
   3.5663893e-02
   3.5526139e-02
   3.5387579e-02
   3.5248226e-02
   3.5108090e-02
   3.4967220e-02
   3.4825665e-02
   3.4683461e-02
   3.4540659e-02
   3.4397226e-02
   3.4253096e-02
   3.4108261e-02
   3.3962686e-02
   3.3816378e-02
   3.3669382e-02
   3.3521657e-02
   3.3373167e-02
   3.3223973e-02
   3.3074141e-02
   3.2923713e-02
   3.2772766e-02
   3.2621277e-02
   3.2469185e-02
   3.2316536e-02
   3.2163351e-02
   3.2009628e-02
   3.1855393e-02
   3.1700632e-02
   3.1545321e-02
   3.1389497e-02
   3.1233203e-02
   3.1076445e-02
   3.0919246e-02
   3.0761600e-02
   3.0603481e-02
   3.0444900e-02
   3.0285860e-02
   3.0126361e-02
   2.9966415e-02
   2.9806014e-02
   2.9645148e-02
   2.9483866e-02
   2.9322235e-02
   2.9160290e-02
   2.8998090e-02
   2.8835650e-02
   2.8672962e-02
   2.8510081e-02
   2.8347054e-02
   2.8183878e-02
   2.8020550e-02
   2.7857074e-02
   2.7693434e-02
   2.7529679e-02
   2.7365877e-02
   2.7202037e-02
   2.7038181e-02
   2.6874277e-02
   2.6710244e-02
   2.6546066e-02
   2.6381706e-02
   2.6217138e-02
   2.6052364e-02
   2.5887322e-02
   2.5721946e-02
   2.5556277e-02
   2.5390366e-02
   2.5224225e-02
   2.5057895e-02
   2.4891326e-02
   2.4724418e-02
   2.4557182e-02
   2.4389611e-02
   2.4221714e-02
   2.4053552e-02
   2.3885117e-02
   2.3716408e-02
   2.3547454e-02
   2.3378263e-02
   2.3208869e-02
   2.3039317e-02
   2.2869551e-02
   2.2699482e-02
   2.2529086e-02
   2.2358302e-02
   2.2187142e-02
   2.2015665e-02
   2.1843823e-02
   2.1671584e-02
   2.1499018e-02
   2.1326200e-02
   2.1153193e-02
   2.0980100e-02
   2.0806917e-02
   2.0633602e-02
   2.0460234e-02
   2.0286870e-02
   2.0113511e-02
   1.9940180e-02
   1.9766880e-02
   1.9593591e-02
   1.9420394e-02
   1.9247390e-02
   1.9074609e-02
   1.8902103e-02
   1.8729827e-02
   1.8557666e-02
   1.8385610e-02
   1.8213614e-02
   1.8041661e-02
   1.7869787e-02
   1.7697917e-02
   1.7525978e-02
   1.7354057e-02
   1.7182259e-02
   1.7010633e-02
   1.6839279e-02
   1.6668155e-02
   1.6497146e-02
   1.6326313e-02
   1.6155683e-02
   1.5985227e-02
   1.5814959e-02
   1.5644838e-02
   1.5474802e-02
   1.5304893e-02
   1.5135166e-02
   1.4965607e-02
   1.4796226e-02
   1.4626998e-02
   1.4457861e-02
   1.4288813e-02
   1.4119843e-02
   1.3950923e-02
   1.3782044e-02
   1.3613172e-02
   1.3444267e-02
   1.3275380e-02
   1.3106589e-02
   1.2937923e-02
   1.2769444e-02
   1.2601148e-02
   1.2432996e-02
   1.2265046e-02
   1.2097341e-02
   1.1929847e-02
   1.1762529e-02
   1.1595362e-02
   1.1428291e-02
   1.1261359e-02
   1.1094640e-02
   1.0928113e-02
   1.0761781e-02
   1.0595641e-02
   1.0429656e-02
   1.0263839e-02
   1.0098204e-02
   9.9327251e-03
   9.7673848e-03
   9.6021675e-03
   9.4370460e-03
   9.2720469e-03
   9.1072165e-03
   8.9425603e-03
   8.7781011e-03
   8.6138334e-03
   8.4497277e-03
   8.2858053e-03
   8.1220816e-03
   7.9585337e-03
   7.7951425e-03
   7.6318893e-03
   7.4687414e-03
   7.3057078e-03
   7.1428102e-03
   6.9800294e-03
   6.8173552e-03
   6.6547865e-03
   6.4923115e-03
   6.3299327e-03
   6.1676567e-03
   6.0054650e-03
   5.8433361e-03
   5.6812632e-03
   5.5192330e-03
   5.3572990e-03
   5.1955474e-03
   5.0340166e-03
   4.8727716e-03
   4.7118402e-03
   4.5512220e-03
   4.3909922e-03
   4.2312226e-03
   4.0718997e-03
   3.9130045e-03
   3.7545447e-03
   3.5964979e-03
   3.4389331e-03
   3.2819586e-03
   3.1255854e-03
   2.9698474e-03
   2.8147400e-03
   2.6602080e-03
   2.5062689e-03
   2.3529259e-03
   2.2001715e-03
   2.0480220e-03
   1.8964511e-03
   1.7454256e-03
   1.5950208e-03
   1.4453381e-03
   1.2964219e-03
   1.1483551e-03
   1.0011340e-03
   8.5470665e-04
   7.0913717e-04
   5.6447088e-04
   4.2066481e-04
   2.7768156e-04
   1.3548195e-04
  -6.0088554e-06
  -1.4676251e-04
  -2.8672017e-04
  -4.2592761e-04
  -5.6440900e-04
  -7.0215416e-04
  -8.3917474e-04
  -9.7545668e-04
  -1.1109715e-03
  -1.2457665e-03
  -1.3799046e-03
  -1.5133960e-03
  -1.6462713e-03
  -1.7784671e-03
  -1.9098637e-03
  -2.0404294e-03
  -2.1700973e-03
  -2.2988387e-03
  -2.4266686e-03
  -2.5535012e-03
  -2.6792529e-03
  -2.8039767e-03
  -2.9277421e-03
  -3.0505698e-03
  -3.1725297e-03
  -3.2935601e-03
  -3.4135398e-03
  -3.5324990e-03
  -3.6504377e-03
  -3.7673839e-03
  -3.8834332e-03
  -3.9985918e-03
  -4.1128777e-03
  -4.2263484e-03
  -4.3390418e-03
  -4.4510261e-03
  -4.5623861e-03
  -4.6730806e-03
  -4.7830330e-03
  -4.8922468e-03
  -5.0006831e-03
  -5.1083964e-03
  -5.2155007e-03
  -5.3219794e-03
  -5.4278375e-03
  -5.5331000e-03
  -5.6377511e-03
  -5.7418249e-03
  -5.8453627e-03
  -5.9483492e-03
  -6.0507706e-03
  -6.1526311e-03
  -6.2539190e-03
  -6.3546949e-03
  -6.4550529e-03
  -6.5550263e-03
  -6.6546733e-03
  -6.7540157e-03
  -6.8530412e-03
  -6.9518103e-03
  -7.0503769e-03
  -7.1486756e-03
  -7.2466191e-03
  -7.3441595e-03
  -7.4412021e-03
  -7.5377569e-03
  -7.6338799e-03
  -7.7294910e-03
  -7.8245286e-03
  -7.9190237e-03
  -8.0129956e-03
  -8.1064625e-03
  -8.1994772e-03
  -8.2919663e-03
  -8.3838156e-03
  -8.4750249e-03
  -8.5655622e-03
  -8.6554917e-03
  -8.7449575e-03
  -8.8339851e-03
  -8.9226363e-03
  -9.0109553e-03
  -9.0989381e-03
  -9.1866843e-03
  -9.2742985e-03
  -9.3617052e-03
  -9.4487981e-03
  -9.5355499e-03
  -9.6218694e-03
  -9.7078251e-03
  -9.7935654e-03
  -9.8790430e-03
  -9.9642471e-03
  -1.0049182e-02
  -1.0133786e-02
  -1.0218081e-02
  -1.0302095e-02
  -1.0385773e-02
  -1.0469063e-02
  -1.0551934e-02
  -1.0634328e-02
  -1.0716292e-02
  -1.0797919e-02
  -1.0879213e-02
  -1.0960211e-02
  -1.1040898e-02
  -1.1121206e-02
  -1.1201169e-02
  -1.1280813e-02
  -1.1360103e-02
  -1.1439022e-02
  -1.1517541e-02
  -1.1595611e-02
  -1.1673253e-02
  -1.1750504e-02
  -1.1827342e-02
  -1.1903764e-02
  -1.1979753e-02
  -1.2055266e-02
  -1.2130300e-02
  -1.2204847e-02
  -1.2278883e-02
  -1.2352390e-02
  -1.2425344e-02
  -1.2497717e-02
  -1.2569572e-02
  -1.2641011e-02
  -1.2712079e-02
  -1.2782858e-02
  -1.2853365e-02
  -1.2923582e-02
  -1.2993594e-02
  -1.3063479e-02
  -1.3133214e-02
  -1.3202772e-02
  -1.3272154e-02
  -1.3341320e-02
  -1.3410348e-02
  -1.3479358e-02
  -1.3548358e-02
  -1.3617380e-02
  -1.3686399e-02
  -1.3755326e-02
  -1.3824165e-02
  -1.3892899e-02
  -1.3961503e-02
  -1.4029989e-02
  -1.4098300e-02
  -1.4166376e-02
  -1.4234295e-02
  -1.4302167e-02
  -1.4370031e-02
  -1.4437975e-02
  -1.4505972e-02
  -1.4573930e-02
  -1.4641910e-02
  -1.4709945e-02
  -1.4777958e-02
  -1.4845876e-02
  -1.4913623e-02
  -1.4981076e-02
  -1.5048246e-02
  -1.5115180e-02
  -1.5181793e-02
  -1.5248024e-02
  -1.5313856e-02
  -1.5379245e-02
  -1.5444178e-02
  -1.5508658e-02
  -1.5572594e-02
  -1.5635870e-02
  -1.5698441e-02
  -1.5760230e-02
  -1.5821288e-02
  -1.5881734e-02
  -1.5941574e-02
  -1.6000860e-02
  -1.6059590e-02
  -1.6117707e-02
  -1.6175283e-02
  -1.6232387e-02
  -1.6288909e-02
  -1.6344718e-02
  -1.6399742e-02
  -1.6453848e-02
  -1.6507072e-02
  -1.6559528e-02
  -1.6611131e-02
  -1.6661834e-02
  -1.6711669e-02
  -1.6760625e-02
  -1.6808745e-02
  -1.6856103e-02
  -1.6902642e-02
  -1.6948283e-02
  -1.6993046e-02
  -1.7036919e-02
  -1.7079910e-02
  -1.7122067e-02
  -1.7163375e-02
  -1.7203821e-02
  -1.7243435e-02
  -1.7282239e-02
  -1.7320253e-02
  -1.7357512e-02
  -1.7393927e-02
  -1.7429361e-02
  -1.7463760e-02
  -1.7497020e-02
  -1.7529116e-02
  -1.7560073e-02
  -1.7589785e-02
  -1.7618156e-02
  -1.7645223e-02
  -1.7671029e-02
  -1.7695586e-02
  -1.7718953e-02
  -1.7741046e-02
  -1.7761723e-02
  -1.7780996e-02
  -1.7798840e-02
  -1.7815313e-02
  -1.7830561e-02
  -1.7844606e-02
  -1.7857506e-02
  -1.7869321e-02
  -1.7880074e-02
  -1.7889874e-02
  -1.7898843e-02
  -1.7906919e-02
  -1.7914000e-02
  -1.7920082e-02
  -1.7925096e-02
  -1.7929133e-02
  -1.7932370e-02
  -1.7934784e-02
  -1.7936392e-02
  -1.7937198e-02
  -1.7937130e-02
  -1.7936219e-02
  -1.7934489e-02
  -1.7931905e-02
  -1.7928451e-02
  -1.7924093e-02
  -1.7918778e-02
  -1.7912605e-02
  -1.7905724e-02
  -1.7898183e-02
  -1.7890083e-02
  -1.7881425e-02
  -1.7872138e-02
  -1.7862312e-02
  -1.7852013e-02
  -1.7841131e-02
  -1.7829539e-02
  -1.7817143e-02
  -1.7803781e-02
  -1.7789466e-02
  -1.7774276e-02
  -1.7758083e-02
  -1.7740795e-02
  -1.7722426e-02
  -1.7702967e-02
  -1.7682425e-02
  -1.7660850e-02
  -1.7638119e-02
  -1.7614058e-02
  -1.7588639e-02
  -1.7561786e-02
  -1.7533589e-02
  -1.7504249e-02
  -1.7473793e-02
  -1.7442309e-02
  -1.7409837e-02
  -1.7376340e-02
  -1.7341953e-02
  -1.7306813e-02
  -1.7270789e-02
  -1.7233706e-02
  -1.7195500e-02
  -1.7156009e-02
  -1.7115322e-02
  -1.7073643e-02
  -1.7030882e-02
  -1.6987005e-02
  -1.6942072e-02
  -1.6896075e-02
  -1.6849096e-02
  -1.6801251e-02
  -1.6752483e-02
  -1.6702710e-02
  -1.6651968e-02
  -1.6600250e-02
  -1.6547613e-02
  -1.6494177e-02
  -1.6439956e-02
  -1.6384983e-02
  -1.6329315e-02
  -1.6272981e-02
  -1.6216052e-02
  -1.6158608e-02
  -1.6100576e-02
  -1.6041840e-02
  -1.5982365e-02
  -1.5922061e-02
  -1.5860945e-02
  -1.5799101e-02
  -1.5736445e-02
  -1.5672915e-02
  -1.5608585e-02
  -1.5543526e-02
  -1.5477791e-02
  -1.5411485e-02
  -1.5344553e-02
  -1.5276883e-02
  -1.5208523e-02
  -1.5139484e-02
  -1.5069787e-02
  -1.4999516e-02
  -1.4928666e-02
  -1.4857235e-02
  -1.4785281e-02
  -1.4712849e-02
  -1.4639984e-02
  -1.4566752e-02
  -1.4493124e-02
  -1.4419036e-02
  -1.4344495e-02
  -1.4269476e-02
  -1.4194009e-02
  -1.4118168e-02
  -1.4041931e-02
  -1.3965294e-02
  -1.3888306e-02
  -1.3811011e-02
  -1.3733456e-02
  -1.3655708e-02
  -1.3577769e-02
  -1.3499620e-02
  -1.3421304e-02
  -1.3342851e-02
  -1.3264285e-02
  -1.3185649e-02
  -1.3106958e-02
  -1.3028224e-02
  -1.2949493e-02
  -1.2870811e-02
  -1.2792210e-02
  -1.2713732e-02
  -1.2635309e-02
  -1.2556825e-02
  -1.2478239e-02
  -1.2399462e-02
  -1.2320475e-02
  -1.2241299e-02
  -1.2161837e-02
  -1.2081996e-02
  -1.2001815e-02
  -1.1921341e-02
  -1.1840582e-02
  -1.1759593e-02
  -1.1678285e-02
  -1.1596509e-02
  -1.1514265e-02
  -1.1431522e-02
  -1.1348307e-02
  -1.1264731e-02
  -1.1180788e-02
  -1.1096496e-02
  -1.1011888e-02
  -1.0926959e-02
  -1.0841771e-02
  -1.0756401e-02
  -1.0670750e-02
  -1.0584682e-02
  -1.0498148e-02
  -1.0411038e-02
  -1.0323383e-02
  -1.0235287e-02
  -1.0146673e-02
  -1.0057492e-02
  -9.9678317e-03
  -9.8777683e-03
  -9.7873843e-03
  -9.6968167e-03
  -9.6060422e-03
  -9.5149913e-03
  -9.4237549e-03
  -9.3323902e-03
  -9.2409058e-03
  -9.1493451e-03
  -9.0577096e-03
  -8.9659797e-03
  -8.8742504e-03
  -8.7826380e-03
  -8.6911827e-03
  -8.5999552e-03
  -8.5088808e-03
  -8.4177991e-03
  -8.3266840e-03
  -8.2354550e-03
  -8.1440929e-03
  -8.0526457e-03
  -7.9610054e-03
  -7.8690680e-03
  -7.7769385e-03
  -7.6847459e-03
  -7.5925463e-03
  -7.5004713e-03
  -7.4084501e-03
  -7.3163216e-03
  -7.2241561e-03
  -7.1319777e-03
  -7.0397720e-03
  -6.9475924e-03
  -6.8554023e-03
  -6.7631483e-03
  -6.6708939e-03
  -6.5787058e-03
  -6.4865979e-03
  -6.3946159e-03
  -6.3027155e-03
  -6.2108033e-03
  -6.1188775e-03
  -6.0269084e-03
  -5.9348912e-03
  -5.8428622e-03
  -5.7507793e-03
  -5.6586032e-03
  -5.5663943e-03
  -5.4742224e-03
  -5.3821286e-03
  -5.2901904e-03
  -5.1983973e-03
  -5.1067019e-03
  -5.0151614e-03
  -4.9238149e-03
  -4.8326485e-03
  -4.7416639e-03
  -4.6508483e-03
  -4.5601683e-03
  -4.4696716e-03
  -4.3794269e-03
  -4.2894352e-03
  -4.1997178e-03
  -4.1102480e-03
  -4.0209563e-03
  -3.9318378e-03
  -3.8428704e-03
  -3.7540331e-03
  -3.6653280e-03
  -3.5767102e-03
  -3.4881304e-03
  -3.3996248e-03
  -3.3112443e-03
  -3.2230002e-03
  -3.1349330e-03
  -3.0470100e-03
  -2.9591604e-03
  -2.8714037e-03
  -2.7837426e-03
  -2.6961762e-03
  -2.6087354e-03
  -2.5214097e-03
  -2.4341873e-03
  -2.3470912e-03
  -2.2601401e-03
  -2.1733488e-03
  -2.0867429e-03
  -2.0002930e-03
  -1.9139484e-03
  -1.8277002e-03
  -1.7415211e-03
  -1.6554154e-03
  -1.5694128e-03
  -1.4834881e-03
  -1.3976226e-03
  -1.3118740e-03
  -1.2263112e-03
  -1.1409827e-03
  -1.0559673e-03
  -9.7127379e-04
  -8.8688289e-04
  -8.0286271e-04
  -7.1926870e-04
  -6.3610281e-04
  -5.5337669e-04
  -4.7109930e-04
  -3.8925962e-04
  -3.0792461e-04
  -2.2718564e-04
  -1.4706642e-04
  -6.7610855e-05
   1.1199344e-05
   8.9431712e-05
   1.6707907e-04
   2.4415715e-04
   3.2066781e-04
   3.9658130e-04
   4.7193478e-04
   5.4676726e-04
   6.2100466e-04
   6.9455390e-04
   7.6736948e-04
   8.3936551e-04
   9.1055657e-04
   9.8100648e-04
   1.0506559e-03
   1.1194681e-03
   1.1874685e-03
   1.2546641e-03
   1.3210837e-03
   1.3867818e-03
   1.4517230e-03
   1.5158524e-03
   1.5791917e-03
   1.6417422e-03
   1.7035030e-03
   1.7644972e-03
   1.8247121e-03
   1.8841323e-03
   1.9427845e-03
   2.0006965e-03
   2.0578797e-03
   2.1143576e-03
   2.1700720e-03
   2.2249266e-03
   2.2788871e-03
   2.3318891e-03
   2.3839119e-03
   2.4349707e-03
   2.4849931e-03
   2.5339122e-03
   2.5817605e-03
   2.6285776e-03
   2.6743749e-03
   2.7191999e-03
   2.7629976e-03
   2.8056703e-03
   2.8472323e-03
   2.8876740e-03
   2.9270482e-03
   2.9654747e-03
   3.0029829e-03
   3.0396274e-03
   3.0754652e-03
   3.1105216e-03
   3.1448926e-03
   3.1786834e-03
   3.2118569e-03
   3.2443484e-03
   3.2761656e-03
   3.3072677e-03
   3.3377383e-03
   3.3677282e-03
   3.3972346e-03
   3.4262846e-03
   3.4548910e-03
   3.4830040e-03
   3.5106579e-03
   3.5378816e-03
   3.5646604e-03
   3.5909976e-03
   3.6168777e-03
   3.6422694e-03
   3.6672678e-03
   3.6920078e-03
   3.7165446e-03
   3.7409771e-03
   3.7653182e-03
   3.7895239e-03
   3.8136813e-03
   3.8378599e-03
   3.8619857e-03
   3.8859728e-03
   3.9097618e-03
   3.9332359e-03
   3.9564229e-03
   3.9794040e-03
   4.0020929e-03
   4.0244316e-03
   4.0464503e-03
   4.0681563e-03
   4.0895738e-03
   4.1107614e-03
   4.1316371e-03
   4.1520797e-03
   4.1720841e-03
   4.1916094e-03
   4.2107473e-03
   4.2296853e-03
   4.2484666e-03
   4.2671845e-03
   4.2858931e-03
   4.3045822e-03
   4.3233853e-03
   4.3424375e-03
   4.3616525e-03
   4.3809114e-03
   4.4001842e-03
   4.4193624e-03
   4.4385413e-03
   4.4579140e-03
   4.4774307e-03
   4.4970885e-03
   4.5168782e-03
   4.5366990e-03
   4.5565694e-03
   4.5765055e-03
   4.5964346e-03
   4.6163009e-03
   4.6360436e-03
   4.6555726e-03
   4.6749565e-03
   4.6943191e-03
   4.7136681e-03
   4.7330636e-03
   4.7524660e-03
   4.7717609e-03
   4.7909927e-03
   4.8101840e-03
   4.8293006e-03
   4.8483458e-03
   4.8672844e-03
   4.8860610e-03
   4.9047083e-03
   4.9232715e-03
   4.9417399e-03
   4.9601256e-03
   4.9783868e-03
   4.9964428e-03
   5.0142791e-03
   5.0318638e-03
   5.0491733e-03
   5.0662107e-03
   5.0829302e-03
   5.0992854e-03
   5.1153755e-03
   5.1313409e-03
   5.1472545e-03
   5.1632463e-03
   5.1793348e-03
   5.1954811e-03
   5.2118101e-03
   5.2284287e-03
   5.2453109e-03
   5.2624369e-03
   5.2798051e-03
   5.2973652e-03
   5.3152318e-03
   5.3335793e-03
   5.3524232e-03
   5.3718206e-03
   5.3917259e-03
   5.4119943e-03
   5.4326263e-03
   5.4535838e-03
   5.4748343e-03
   5.4964002e-03
   5.5181925e-03
   5.5401134e-03
   5.5622824e-03
   5.5848612e-03
   5.6079098e-03
   5.6315651e-03
   5.6557778e-03
   5.6804026e-03
   5.7055284e-03
   5.7312025e-03
   5.7573301e-03
   5.7838420e-03
   5.8106408e-03
   5.8375707e-03
   5.8646609e-03
   5.8919858e-03
   5.9194486e-03
   5.9469925e-03
   5.9745880e-03
   6.0021598e-03
   6.0296936e-03
   6.0571890e-03
   6.0845369e-03
   6.1116150e-03
   6.1383588e-03
   6.1646731e-03
   6.1906303e-03
   6.2163894e-03
   6.2419683e-03
   6.2674468e-03
   6.2928226e-03
   6.3180166e-03
   6.3431297e-03
   6.3682530e-03
   6.3932558e-03
   6.4179861e-03
   6.4423606e-03
   6.4662152e-03
   6.4896059e-03
   6.5126834e-03
   6.5353500e-03
   6.5575582e-03
   6.5793373e-03
   6.6006597e-03
   6.6215734e-03
   6.6421598e-03
   6.6623475e-03
   6.6820468e-03
   6.7012691e-03
   6.7199889e-03
   6.7382265e-03
   6.7560511e-03
   6.7734486e-03
   6.7904163e-03
   6.8069811e-03
   6.8231492e-03
   6.8389513e-03
   6.8544286e-03
   6.8694794e-03
   6.8839545e-03
   6.8977875e-03
   6.9108585e-03
   6.9231437e-03
   6.9346783e-03
   6.9453438e-03
   6.9550374e-03
   6.9637957e-03
   6.9716551e-03
   6.9786275e-03
   6.9847760e-03
   6.9900049e-03
   6.9941592e-03
   6.9972454e-03
   6.9992323e-03
   7.0002004e-03
   7.0003353e-03
   6.9996769e-03
   6.9983091e-03
   6.9963066e-03
   6.9936890e-03
   6.9906002e-03
   6.9871954e-03
   6.9834027e-03
   6.9791100e-03
   6.9743139e-03
   6.9689330e-03
   6.9630886e-03
   6.9570076e-03
   6.9506711e-03
   6.9441084e-03
   6.9373216e-03
   6.9302104e-03
   6.9228122e-03
   6.9151537e-03
   6.9071931e-03
   6.8989188e-03
   6.8902850e-03
   6.8812208e-03
   6.8718586e-03
   6.8623939e-03
   6.8528940e-03
   6.8434969e-03
   6.8341994e-03
   6.8249068e-03
   6.8157355e-03
   6.8067725e-03
   6.7978845e-03
   6.7889241e-03
   6.7797785e-03
   6.7702470e-03
   6.7603538e-03
   6.7502036e-03
   6.7396445e-03
   6.7285689e-03
   6.7169966e-03
   6.7049096e-03
   6.6923205e-03
   6.6792915e-03
   6.6656742e-03
   6.6512628e-03
   6.6360218e-03
   6.6198611e-03
   6.6028952e-03
   6.5853820e-03
   6.5673611e-03
   6.5489481e-03
   6.5301956e-03
   6.5110570e-03
   6.4917063e-03
   6.4723185e-03
   6.4527335e-03
   6.4327423e-03
   6.4122684e-03
   6.3911158e-03
   6.3693982e-03
   6.3473764e-03
   6.3249431e-03
   6.3020617e-03
   6.2787775e-03
   6.2550360e-03
   6.2309117e-03
   6.2065131e-03
   6.1817515e-03
   6.1565251e-03
   6.1308363e-03
   6.1046357e-03
   6.0779977e-03
   6.0510751e-03
   6.0238784e-03
   5.9964562e-03
   5.9688383e-03
   5.9409972e-03
   5.9130086e-03
   5.8849493e-03
   5.8567315e-03
   5.8282430e-03
   5.7994314e-03
   5.7701844e-03
   5.7405247e-03
   5.7105378e-03
   5.6801372e-03
   5.6492633e-03
   5.6179594e-03
   5.5862489e-03
   5.5541674e-03
   5.5217898e-03
   5.4890481e-03
   5.4558335e-03
   5.4221632e-03
   5.3880193e-03
   5.3534522e-03
   5.3185837e-03
   5.2834292e-03
   5.2480279e-03
   5.2124307e-03
   5.1766531e-03
   5.1407766e-03
   5.1048926e-03
   5.0689538e-03
   5.0328856e-03
   4.9966831e-03
   4.9602943e-03
   4.9237807e-03
   4.8872656e-03
   4.8507277e-03
   4.8141714e-03
   4.7776161e-03
   4.7410331e-03
   4.7044543e-03
   4.6679171e-03
   4.6313978e-03
   4.5948761e-03
   4.5583470e-03
   4.5217874e-03
   4.4852538e-03
   4.4488364e-03
   4.4125605e-03
   4.3764777e-03
   4.3405985e-03
   4.3048965e-03
   4.2694228e-03
   4.2342211e-03
   4.1992198e-03
   4.1643287e-03
   4.1294916e-03
   4.0946067e-03
   4.0596753e-03
   4.0247415e-03
   3.9897187e-03
   3.9545391e-03
   3.9192165e-03
   3.8837510e-03
   3.8481455e-03
   3.8124337e-03
   3.7765319e-03
   3.7403194e-03
   3.7037783e-03
   3.6668605e-03
   3.6296078e-03
   3.5921353e-03
   3.5544476e-03
   3.5165825e-03
   3.4785595e-03
   3.4403525e-03
   3.4020320e-03
   3.3636715e-03
   3.3251789e-03
   3.2864333e-03
   3.2473851e-03
   3.2079252e-03
   3.1680913e-03
   3.1279939e-03
   3.0875627e-03
   3.0467603e-03
   3.0056397e-03
   2.9642262e-03
   2.9225775e-03
   2.8807887e-03
   2.8388241e-03
   2.7966204e-03
   2.7542243e-03
   2.7116532e-03
   2.6689232e-03
   2.6260858e-03
   2.5831397e-03
   2.5400800e-03
   2.4969616e-03
   2.4538400e-03
   2.4107491e-03
   2.3677401e-03
   2.3247463e-03
   2.2816469e-03
   2.2384099e-03
   2.1949597e-03
   2.1512845e-03
   2.1074244e-03
   2.0632932e-03
   2.0188129e-03
   1.9740473e-03
   1.9290699e-03
   1.8839149e-03
   1.8386679e-03
   1.7932681e-03
   1.7475934e-03
   1.7016823e-03
   1.6555388e-03
   1.6091818e-03
   1.5626942e-03
   1.5160717e-03
   1.4693148e-03
   1.4224782e-03
   1.3756018e-03
   1.3287364e-03
   1.2819515e-03
   1.2352069e-03
   1.1884270e-03
   1.1416121e-03
   1.0947265e-03
   1.0478051e-03
   1.0009337e-03
   9.5408845e-04
   9.0726103e-04
   8.6048498e-04
   8.1376930e-04
   7.6714816e-04
   7.2067091e-04
   6.7432342e-04
   6.2808172e-04
   5.8196444e-04
   5.3597411e-04
   4.9014447e-04
   4.4453501e-04
   3.9916174e-04
   3.5405026e-04
   3.0922694e-04
   2.6470240e-04
   2.2051362e-04
   1.7669941e-04
   1.3321455e-04
   8.9989756e-05
   4.6996418e-05
   4.1735141e-06
  -3.8477498e-05
  -8.0921658e-05
  -1.2321715e-04
  -1.6541195e-04
  -2.0747832e-04
  -2.4939208e-04
  -2.9113916e-04
  -3.3267780e-04
  -3.7405901e-04
  -4.1536737e-04
  -4.5659774e-04
  -4.9776803e-04
  -5.3884209e-04
  -5.7972948e-04
  -6.2041895e-04
  -6.6087911e-04
  -7.0107893e-04
  -7.4101634e-04
  -7.8063117e-04
  -8.1985765e-04
  -8.5874729e-04
  -8.9737484e-04
  -9.3575908e-04
  -9.7396000e-04
  -1.0119384e-03
  -1.0496028e-03
  -1.0869879e-03
  -1.1241060e-03
  -1.1609310e-03
  -1.1974671e-03
  -1.2336819e-03
  -1.2695276e-03
  -1.3050292e-03
  -1.3402207e-03
  -1.3750903e-03
  -1.4096448e-03
  -1.4438574e-03
  -1.4776743e-03
  -1.5110889e-03
  -1.5440848e-03
  -1.5766424e-03
  -1.6087585e-03
  -1.6404042e-03
  -1.6715478e-03
  -1.7022149e-03
  -1.7324434e-03
  -1.7622453e-03
  -1.7916533e-03
  -1.8206574e-03
  -1.8492248e-03
  -1.8773825e-03
  -1.9051491e-03
  -1.9325020e-03
  -1.9594237e-03
  -1.9858965e-03
  -2.0118872e-03
  -2.0374155e-03
  -2.0625175e-03
  -2.0871806e-03
  -2.1114047e-03
  -2.1351683e-03
  -2.1584239e-03
  -2.1811620e-03
  -2.2033653e-03
  -2.2250100e-03
  -2.2460834e-03
  -2.2665524e-03
  -2.2863795e-03
  -2.3055768e-03
  -2.3241673e-03
  -2.3421475e-03
  -2.3595307e-03
  -2.3762910e-03
  -2.3923797e-03
  -2.4078002e-03
  -2.4225466e-03
  -2.4366070e-03
  -2.4499859e-03
  -2.4626673e-03
  -2.4746329e-03
  -2.4858865e-03
  -2.4964312e-03
  -2.5062637e-03
  -2.5153875e-03
  -2.5237780e-03
  -2.5313988e-03
  -2.5382364e-03
  -2.5442683e-03
  -2.5494860e-03
  -2.5538940e-03
  -2.5574696e-03
  -2.5601929e-03
  -2.5621192e-03
  -2.5633252e-03
  -2.5638560e-03
  -2.5637875e-03
  -2.5631355e-03
  -2.5618865e-03
  -2.5601152e-03
  -2.5578871e-03
  -2.5551956e-03
  -2.5520368e-03
  -2.5484187e-03
  -2.5443234e-03
  -2.5398238e-03
  -2.5350269e-03
  -2.5299526e-03
  -2.5246440e-03
  -2.5190839e-03
  -2.5131991e-03
  -2.5069996e-03
  -2.5004731e-03
  -2.4936141e-03
  -2.4864499e-03
  -2.4789414e-03
  -2.4710458e-03
  -2.4628477e-03
  -2.4544563e-03
  -2.4459231e-03
  -2.4373452e-03
  -2.4287107e-03
  -2.4199518e-03
  -2.4111388e-03
  -2.4023184e-03
  -2.3934498e-03
  -2.3845060e-03
  -2.3754469e-03
  -2.3661964e-03
  -2.3567909e-03
  -2.3472959e-03
  -2.3376716e-03
  -2.3279024e-03
  -2.3179958e-03
  -2.3079328e-03
  -2.2977296e-03
  -2.2874130e-03
  -2.2769403e-03
  -2.2662586e-03
  -2.2553567e-03
  -2.2442045e-03
  -2.2328756e-03
  -2.2215000e-03
  -2.2101191e-03
  -2.1988128e-03
  -2.1876133e-03
  -2.1765056e-03
  -2.1655867e-03
  -2.1549489e-03
  -2.1445447e-03
  -2.1343124e-03
  -2.1242364e-03
  -2.1142509e-03
  -2.1044290e-03
  -2.0949052e-03
  -2.0856572e-03
  -2.0766951e-03
  -2.0679922e-03
  -2.0594493e-03
  -2.0510646e-03
  -2.0428215e-03
  -2.0346674e-03
  -2.0265737e-03
  -2.0184718e-03
  -2.0102769e-03
  -2.0020433e-03
  -1.9938618e-03
  -1.9857390e-03
  -1.9777284e-03
  -1.9697781e-03
  -1.9617708e-03
  -1.9537342e-03
  -1.9456720e-03
  -1.9375702e-03
  -1.9294624e-03
  -1.9213239e-03
  -1.9131240e-03
  -1.9048921e-03
  -1.8966543e-03
  -1.8884217e-03
  -1.8802232e-03
  -1.8720028e-03
  -1.8636685e-03
  -1.8551960e-03
  -1.8465322e-03
  -1.8376701e-03
  -1.8286416e-03
  -1.8193940e-03
  -1.8098831e-03
  -1.8001949e-03
  -1.7904381e-03
  -1.7806808e-03
  -1.7710430e-03
  -1.7615281e-03
  -1.7520898e-03
  -1.7428312e-03
  -1.7338343e-03
  -1.7250840e-03
  -1.7165796e-03
  -1.7083193e-03
  -1.7002647e-03
  -1.6925135e-03
  -1.6852067e-03
  -1.6783645e-03
  -1.6720416e-03
  -1.6661864e-03
  -1.6606608e-03
  -1.6554558e-03
  -1.6505229e-03
  -1.6458349e-03
  -1.6414183e-03
  -1.6371848e-03
  -1.6330417e-03
  -1.6290926e-03
  -1.6254740e-03
  -1.6222383e-03
  -1.6195072e-03
  -1.6172281e-03
  -1.6152619e-03
  -1.6136829e-03
  -1.6125259e-03
  -1.6117310e-03
  -1.6112760e-03
  -1.6110922e-03
  -1.6110718e-03
  -1.6112527e-03
  -1.6116997e-03
  -1.6123619e-03
  -1.6132220e-03
  -1.6142474e-03
  -1.6153623e-03
  -1.6165576e-03
  -1.6178223e-03
  -1.6190920e-03
  -1.6203091e-03
  -1.6214219e-03
  -1.6223621e-03
  -1.6231909e-03
  -1.6240215e-03
  -1.6248776e-03
  -1.6258301e-03
  -1.6268734e-03
  -1.6279458e-03
  -1.6291233e-03
  -1.6304702e-03
  -1.6319071e-03
  -1.6333479e-03
  -1.6347404e-03
  -1.6359796e-03
  -1.6371129e-03
  -1.6382484e-03
  -1.6393308e-03
  -1.6403398e-03
  -1.6412813e-03
  -1.6421137e-03
  -1.6428613e-03
  -1.6435607e-03
  -1.6441631e-03
  -1.6446177e-03
  -1.6449138e-03
  -1.6450181e-03
  -1.6449540e-03
  -1.6447775e-03
  -1.6444836e-03
  -1.6440843e-03
  -1.6435818e-03
  -1.6429527e-03
  -1.6422204e-03
  -1.6414078e-03
  -1.6404563e-03
  -1.6392927e-03
  -1.6378750e-03
  -1.6361306e-03
  -1.6340534e-03
  -1.6316689e-03
  -1.6289148e-03
  -1.6257420e-03
  -1.6221589e-03
  -1.6181667e-03
  -1.6137676e-03
  -1.6089858e-03
  -1.6037683e-03
  -1.5980380e-03
  -1.5917883e-03
  -1.5849938e-03
  -1.5777175e-03
  -1.5700847e-03
  -1.5621323e-03
  -1.5539324e-03
  -1.5455280e-03
  -1.5369213e-03
  -1.5282141e-03
  -1.5195096e-03
  -1.5107671e-03
  -1.5019269e-03
  -1.4929885e-03
  -1.4839014e-03
  -1.4747540e-03
  -1.4657018e-03
  -1.4567405e-03
  -1.4478999e-03
  -1.4391731e-03
  -1.4304800e-03
  -1.4218421e-03
  -1.4132671e-03
  -1.4047296e-03
  -1.3962315e-03
  -1.3877332e-03
  -1.3791804e-03
  -1.3706698e-03
  -1.3623398e-03
  -1.3542413e-03
  -1.3464783e-03
  -1.3390423e-03
  -1.3318573e-03
  -1.3250062e-03
  -1.3185478e-03
  -1.3123983e-03
  -1.3064722e-03
  -1.3006960e-03
  -1.2949384e-03
  -1.2892233e-03
  -1.2836255e-03
  -1.2780523e-03
  -1.2724422e-03
  -1.2668045e-03
  -1.2611196e-03
  -1.2553968e-03
  -1.2496740e-03
  -1.2438583e-03
  -1.2378251e-03
  -1.2315492e-03
  -1.2249709e-03
  -1.2181714e-03
  -1.2113240e-03
  -1.2044603e-03
  -1.1976644e-03
  -1.1909703e-03
  -1.1843451e-03
  -1.1779077e-03
  -1.1717755e-03
  -1.1658472e-03
  -1.1599922e-03
  -1.1541626e-03
  -1.1482322e-03
  -1.1422804e-03
  -1.1364826e-03
  -1.1307726e-03
  -1.1251317e-03
  -1.1195720e-03
  -1.1140305e-03
  -1.1085424e-03
  -1.1031560e-03
  -1.0978052e-03
  -1.0924246e-03
  -1.0869905e-03
  -1.0814474e-03
  -1.0758474e-03
  -1.0702948e-03
  -1.0647936e-03
  -1.0593822e-03
  -1.0540560e-03
  -1.0487604e-03
  -1.0435398e-03
  -1.0384313e-03
  -1.0333804e-03
  -1.0283345e-03
  -1.0232540e-03
  -1.0180660e-03
  -1.0127872e-03
  -1.0074660e-03
  -1.0020559e-03
  -9.9652972e-04
  -9.9088841e-04
  -9.8511110e-04
  -9.7920410e-04
  -9.7318562e-04
  -9.6701274e-04
  -9.6063318e-04
  -9.5403458e-04
  -9.4718881e-04
  -9.4014288e-04
  -9.3298777e-04
  -9.2574657e-04
  -9.1847049e-04
  -9.1118123e-04
  -9.0386709e-04
  -8.9659585e-04
  -8.8943400e-04
  -8.8234633e-04
  -8.7528749e-04
  -8.6824820e-04
  -8.6118332e-04
  -8.5414813e-04
  -8.4724325e-04
  -8.4045701e-04
  -8.3380175e-04
  -8.2726530e-04
  -8.2078436e-04
  -8.1436615e-04
  -8.0800868e-04
  -8.0168437e-04
  -7.9538360e-04
  -7.8906998e-04
  -7.8269634e-04
  -7.7631602e-04
  -7.7001000e-04
  -7.6379971e-04
  -7.5774128e-04
  -7.5181670e-04
  -7.4596250e-04
  -7.4022010e-04
  -7.3461484e-04
  -7.2910627e-04
  -7.2366555e-04
  -7.1825436e-04
  -7.1280848e-04
  -7.0734544e-04
  -7.0190394e-04
  -6.9644725e-04
  -6.9095674e-04
  -6.8542299e-04
  -6.7981498e-04
  -6.7413171e-04
  -6.6837724e-04
  -6.6251140e-04
  -6.5649062e-04
  -6.5029262e-04
  -6.4388281e-04
  -6.3729331e-04
  -6.3058990e-04
  -6.2378305e-04
  -6.1690765e-04
  -6.0996633e-04
  -6.0293180e-04
  -5.9584710e-04
  -5.8875165e-04
  -5.8160064e-04
  -5.7434207e-04
  -5.6694937e-04
  -5.5936545e-04
  -5.5161740e-04
  -5.4376825e-04
  -5.3578709e-04
  -5.2766244e-04
  -5.1940044e-04
  -5.1098106e-04
  -5.0241968e-04
  -4.9373976e-04
  -4.8491497e-04
  -4.7591679e-04
  -4.6674160e-04
  -4.5737278e-04
  -4.4782520e-04
  -4.3813299e-04
  -4.2829494e-04
  -4.1831942e-04
  -4.0821010e-04
  -3.9795636e-04
  -3.8757345e-04
  -3.7707679e-04
  -3.6643733e-04
  -3.5561827e-04
  -3.4459991e-04
  -3.3334610e-04
  -3.2185691e-04
  -3.1014953e-04
  -2.9819398e-04
  -2.8596726e-04
  -2.7347698e-04
  -2.6072625e-04
  -2.4771964e-04
  -2.3447341e-04
  -2.2096278e-04
  -2.0715049e-04
  -1.9303653e-04
  -1.7861090e-04
  -1.6390523e-04
  -1.4898174e-04
  -1.3385914e-04
  -1.1857247e-04
  -1.0314500e-04
  -8.7580826e-05
  -7.1930096e-05
  -5.6244309e-05
  -4.0505921e-05
  -2.4687831e-05
  -8.7921333e-06
   7.2030299e-06
   2.3253792e-05
   3.9284286e-05
   5.5294639e-05
   7.1269075e-05
   8.7206460e-05
   1.0313967e-04
   1.1905471e-04
   1.3494309e-04
   1.5081378e-04
   1.6666374e-04
   1.8250692e-04
   1.9836434e-04
   2.1418807e-04
   2.2991057e-04
   2.4550500e-04
   2.6092046e-04
   2.7615625e-04
   2.9124247e-04
   3.0613701e-04
   3.2080831e-04
   3.3529015e-04
   3.4961695e-04
   3.6381738e-04
   3.7794621e-04
   3.9198764e-04
   4.0590249e-04
   4.1972787e-04
   4.3348654e-04
   4.4716889e-04
   4.6077865e-04
   4.7430603e-04
   4.8772823e-04
   5.0108182e-04
   5.1441764e-04
   5.2774135e-04
   5.4107411e-04
   5.5437351e-04
   5.6755553e-04
   5.8060005e-04
   5.9346324e-04
   6.0612358e-04
   6.1858955e-04
   6.3080137e-04
   6.4269968e-04
   6.5432366e-04
   6.6572561e-04
   6.7692046e-04
   6.8795832e-04
   6.9879655e-04
   7.0934931e-04
   7.1963934e-04
   7.2966805e-04
   7.3944028e-04
   7.4900203e-04
   7.5834526e-04
   7.6746320e-04
   7.7638860e-04
   7.8514665e-04
   7.9376482e-04
   8.0228361e-04
   8.1067299e-04
   8.1887834e-04
   8.2689663e-04
   8.3470154e-04
   8.4231097e-04
   8.4977602e-04
   8.5707725e-04
   8.6420484e-04
   8.7117551e-04
   8.7798980e-04
   8.8466463e-04
   8.9122635e-04
   8.9766131e-04
   9.0394981e-04
   9.1009843e-04
   9.1610348e-04
   9.2198359e-04
   9.2777445e-04
   9.3348285e-04
   9.3912263e-04
   9.4470591e-04
   9.5023363e-04
   9.5572644e-04
   9.6120568e-04
   9.6663062e-04
   9.7194258e-04
   9.7711239e-04
   9.8208666e-04
   9.8685886e-04
   9.9144719e-04
   9.9580014e-04
   9.9987377e-04
   1.0036812e-03
   1.0072332e-03
   1.0105323e-03
   1.0136019e-03
   1.0163955e-03
   1.0188406e-03
   1.0209329e-03
   1.0226505e-03
   1.0240142e-03
   1.0250864e-03
   1.0258688e-03
   1.0263787e-03
   1.0266318e-03
   1.0266214e-03
   1.0263864e-03
   1.0259702e-03
   1.0253244e-03
   1.0243829e-03
   1.0231226e-03
   1.0214884e-03
   1.0195027e-03
   1.0172289e-03
   1.0146315e-03
   1.0116929e-03
   1.0084453e-03
   1.0049060e-03
   1.0011096e-03
   9.9711109e-04
   9.9289472e-04
   9.8842953e-04
   9.8374467e-04
   9.7885329e-04
   9.7376934e-04
   9.6852672e-04
   9.6312991e-04
   9.5758203e-04
   9.5191775e-04
   9.4617136e-04
   9.4036737e-04
   9.3453958e-04
   9.2865980e-04
   9.2267218e-04
   9.1656738e-04
   9.1031331e-04
   9.0391209e-04
   8.9739321e-04
   8.9072019e-04
   8.8386126e-04
   8.7685805e-04
   8.6975705e-04
   8.6258517e-04
   8.5539624e-04
   8.4816829e-04
   8.4084831e-04
   8.3346610e-04
   8.2603399e-04
   8.1854826e-04
   8.1102786e-04
   8.0346066e-04
   7.9582709e-04
   7.8815243e-04
   7.8046430e-04
   7.7276701e-04
   7.6507643e-04
   7.5738272e-04
   7.4965933e-04
   7.4191023e-04
   7.3413164e-04
   7.2632178e-04
   7.1849047e-04
   7.1062723e-04
   7.0272094e-04
   6.9480252e-04
   6.8691190e-04
   6.7907109e-04
   6.7131776e-04
   6.6365670e-04
   6.5607627e-04
   6.4860982e-04
   6.4128466e-04
   6.3409585e-04
   6.2704169e-04
   6.2012146e-04
   6.1332225e-04
   6.0667242e-04
   6.0021378e-04
   5.9394947e-04
   5.8789263e-04
   5.8201671e-04
   5.7626477e-04
   5.7062287e-04
   5.6506144e-04
   5.5956127e-04
   5.5412170e-04
   5.4869787e-04
   5.4324334e-04
   5.3778021e-04
   5.3234063e-04
   5.2692716e-04
   5.2156614e-04
   5.1621936e-04
   5.1081686e-04
   5.0536402e-04
   4.9985071e-04
   4.9428065e-04
   4.8869112e-04
   4.8307351e-04
   4.7742453e-04
   4.7175856e-04
   4.6607848e-04
   4.6040342e-04
   4.5475965e-04
   4.4910573e-04
   4.4338078e-04
   4.3756430e-04
   4.3161220e-04
   4.2552964e-04
   4.1935220e-04
   4.1304452e-04
   4.0658165e-04
   4.0000514e-04
   3.9335815e-04
   3.8667702e-04
   3.8002471e-04
   3.7339341e-04
   3.6675150e-04
   3.6014503e-04
   3.5360586e-04
   3.4713147e-04
   3.4073245e-04
   3.3440688e-04
   3.2813925e-04
   3.2197545e-04
   3.1597673e-04
   3.1015696e-04
   3.0454606e-04
   2.9910984e-04
   2.9377147e-04
   2.8851967e-04
   2.8331929e-04
   2.7815718e-04
   2.7305076e-04
   2.6794852e-04
   2.6279927e-04
   2.5765284e-04
   2.5257290e-04
   2.4758454e-04
   2.4274896e-04
   2.3803286e-04
   2.3335876e-04
   2.2876041e-04
   2.2424994e-04
   2.1981208e-04
   2.1546041e-04
   2.1117098e-04
   2.0690822e-04
   2.0269830e-04
   1.9857246e-04
   1.9452684e-04
   1.9057335e-04
   1.8669058e-04
   1.8283371e-04
   1.7899952e-04
   1.7517476e-04
   1.7134717e-04
   1.6751986e-04
   1.6366944e-04
   1.5977119e-04
   1.5585309e-04
   1.5195373e-04
   1.4808911e-04
   1.4429453e-04
   1.4056404e-04
   1.3687097e-04
   1.3324425e-04
   1.2970494e-04
   1.2623569e-04
   1.2282369e-04
   1.1945584e-04
   1.1610444e-04
   1.1279124e-04
   1.0955354e-04
   1.0638261e-04
   1.0328163e-04
   1.0023976e-04
   9.7224463e-05
   9.4235212e-05
   9.1266910e-05
   8.8303509e-05
   8.5337183e-05
   8.2348209e-05
   7.9312322e-05
   7.6243839e-05
   7.3166821e-05
   7.0082706e-05
   6.7005938e-05
   6.3922857e-05
   6.0802579e-05
   5.7653320e-05
   5.4477051e-05
   5.1263968e-05
   4.8014082e-05
   4.4716206e-05
   4.1354764e-05
   3.7935497e-05
   3.4466482e-05
   3.0943265e-05
   2.7366940e-05
   2.3725818e-05
   1.9999407e-05
   1.6182725e-05
   1.2266823e-05
   8.2444820e-06
   4.1147235e-06
  -1.3450312e-07
  -4.5153649e-06
  -9.0021371e-06
  -1.3557612e-05
  -1.8162582e-05
  -2.2782830e-05
  -2.7412520e-05
  -3.2060798e-05
  -3.6693778e-05
  -4.1281913e-05
  -4.5831842e-05
  -5.0349014e-05
  -5.4832834e-05
  -5.9295807e-05
  -6.3706130e-05
  -6.8015407e-05
  -7.2218285e-05
  -7.6298237e-05
  -8.0265025e-05
  -8.4154626e-05
  -8.7964443e-05
  -9.1701614e-05
  -9.5372421e-05
  -9.8968740e-05
  -1.0251102e-04
  -1.0602211e-04
  -1.0946694e-04
  -1.1279879e-04
  -1.1599816e-04
  -1.1902503e-04
  -1.2188823e-04
  -1.2462202e-04
  -1.2719830e-04
  -1.2959974e-04
  -1.3184776e-04
  -1.3395725e-04
  -1.3594964e-04
  -1.3786212e-04
  -1.3968191e-04
  -1.4138350e-04
  -1.4298791e-04
  -1.4450531e-04
  -1.4593705e-04
  -1.4729649e-04
  -1.4858080e-04
  -1.4978287e-04
  -1.5092567e-04
  -1.5203607e-04
  -1.5312387e-04
  -1.5420712e-04
  -1.5525853e-04
  -1.5622674e-04
  -1.5709878e-04
  -1.5784482e-04
  -1.5845648e-04
  -1.5894587e-04
  -1.5927646e-04
  -1.5941383e-04
  -1.5938406e-04
  -1.5921906e-04
  -1.5893130e-04
  -1.5855511e-04
  -1.5806471e-04
  -1.5740815e-04
  -1.5660105e-04
  -1.5564510e-04
  -1.5454633e-04
  -1.5333705e-04
  -1.5201426e-04
  -1.5057643e-04
  -1.4904580e-04
  -1.4743910e-04
  -1.4577608e-04
  -1.4408449e-04
  -1.4234713e-04
  -1.4053169e-04
  -1.3863795e-04
  -1.3665078e-04
  -1.3458369e-04
  -1.3247114e-04
  -1.3030270e-04
  -1.2807418e-04
  -1.2579881e-04
  -1.2347980e-04
  -1.2113053e-04
  -1.1877066e-04
  -1.1639383e-04
  -1.1398963e-04
  -1.1156520e-04
  -1.0912106e-04
  -1.0667078e-04
  -1.0423858e-04
  -1.0183076e-04
  -9.9457640e-05
  -9.7129703e-05
  -9.4850898e-05
  -9.2636273e-05
  -9.0501613e-05
  -8.8426200e-05
  -8.6378678e-05
  -8.4345463e-05
  -8.2298836e-05
  -8.0238261e-05
  -7.8177802e-05
  -7.6090853e-05
  -7.3955205e-05
  -7.1782128e-05
  -6.9581507e-05
  -6.7358497e-05
  -6.5130494e-05
  -6.2874050e-05
  -6.0550821e-05
  -5.8162134e-05
  -5.5699168e-05
  -5.3177162e-05
  -5.0635453e-05
  -4.8078293e-05
  -4.5518927e-05
  -4.2970299e-05
  -4.0432473e-05
  -3.7931469e-05
  -3.5495753e-05
  -3.3101627e-05
  -3.0715053e-05
  -2.8326886e-05
  -2.5909640e-05
  -2.3480079e-05
  -2.1078174e-05
  -1.8687813e-05
  -1.6302826e-05
  -1.3931494e-05
  -1.1567440e-05
  -9.2221764e-06
  -6.9129213e-06
  -4.6262742e-06
  -2.3460519e-06
  -7.3107840e-08
   2.1997370e-06
   4.4613201e-06
   6.6882806e-06
   8.8792711e-06
   1.1027366e-05
   1.3128105e-05
   1.5185882e-05
   1.7189590e-05
   1.9128013e-05
   2.1013250e-05
   2.2860563e-05
   2.4677026e-05
   2.6478162e-05
   2.8260329e-05
   3.0011140e-05
   3.1742266e-05
   3.3461545e-05
   3.5163612e-05
   3.6846372e-05
   3.8505276e-05
   4.0130688e-05
   4.1732132e-05
   4.3324283e-05
   4.4905586e-05
   4.6479222e-05
   4.8034372e-05
   4.9548845e-05
   5.1017348e-05
   5.2429387e-05
   5.3776510e-05
   5.5056962e-05
   5.6254452e-05
   5.7351851e-05
   5.8356069e-05
   5.9277806e-05
   6.0117114e-05
   6.0882381e-05
   6.1560396e-05
   6.2127114e-05
   6.2584378e-05
   6.2928948e-05
   6.3159646e-05
   6.3285709e-05
   6.3302506e-05
   6.3206220e-05
   6.3001016e-05
   6.2688397e-05
   6.2272331e-05
   6.1759574e-05
   6.1137314e-05
   6.0386428e-05
   5.9500747e-05
   5.8467408e-05
   5.7286715e-05
   5.5967911e-05
   5.4500157e-05
   5.2875376e-05
   5.1110665e-05
   4.9226235e-05
   4.7236713e-05
   4.5166870e-05
   4.3017429e-05
   4.0779898e-05
   3.8475075e-05
   3.6119338e-05
   3.3712137e-05
   3.1256480e-05
   2.8753881e-05
   2.6199502e-05
   2.3614238e-05
   2.1026832e-05
   1.8444218e-05
   1.5880050e-05
   1.3325761e-05
   1.0756032e-05
   8.1711300e-06
   5.5631209e-06
   2.9300057e-06
   2.8096966e-07
  -2.3988132e-06
  -5.1245213e-06
  -7.8721542e-06
  -1.0611371e-05
  -1.3327834e-05
  -1.5993153e-05
  -1.8614159e-05
  -2.1214691e-05
  -2.3775751e-05
  -2.6286215e-05
  -2.8756232e-05
  -3.1189372e-05
  -3.3597015e-05
  -3.5999345e-05
  -3.8385395e-05
  -4.0737601e-05
  -4.3064614e-05
  -4.5368027e-05
  -4.7648872e-05
  -4.9916495e-05
  -5.2167799e-05
  -5.4398691e-05
  -5.6619521e-05
  -5.8840821e-05
  -6.1067700e-05
  -6.3309398e-05
  -6.5546537e-05
  -6.7746524e-05
  -6.9898292e-05
  -7.1980111e-05
  -7.3985684e-05
  -7.5921208e-05
  -7.7762200e-05
  -7.9486094e-05
  -8.1104898e-05
  -8.2632996e-05
  -8.4075012e-05
  -8.5448106e-05
  -8.6733658e-05
  -8.7898093e-05
  -8.8946878e-05
  -8.9877098e-05
  -9.0698789e-05
  -9.1441591e-05
  -9.2108488e-05
  -9.2707563e-05
  -9.3253658e-05
  -9.3754081e-05
  -9.4230178e-05
  -9.4707079e-05
  -9.5171284e-05
  -9.5600062e-05
  -9.5992684e-05
  -9.6335312e-05
  -9.6644916e-05
  -9.6956505e-05
  -9.7264392e-05
  -9.7570046e-05
  -9.7877327e-05
  -9.8175786e-05
  -9.8473120e-05
  -9.8777768e-05
  -9.9082755e-05
  -9.9383146e-05
  -9.9675580e-05
  -9.9951955e-05
  -1.0023051e-04
  -1.0053972e-04
  -1.0088845e-04
  -1.0129458e-04
  -1.0176046e-04
  -1.0227633e-04
  -1.0285910e-04
  -1.0352270e-04
  -1.0424504e-04
  -1.0499907e-04
  -1.0576721e-04
  -1.0651768e-04
  -1.0725214e-04
  -1.0798580e-04
  -1.0869253e-04
  -1.0935243e-04
  -1.0997056e-04
  -1.1054733e-04
  -1.1108494e-04
  -1.1159504e-04
  -1.1205277e-04
  -1.1242217e-04
  -1.1269886e-04
  -1.1286916e-04
  -1.1294979e-04
  -1.1298106e-04
  -1.1296783e-04
  -1.1292630e-04
  -1.1286549e-04
  -1.1277937e-04
  -1.1269463e-04
  -1.1263889e-04
  -1.1258578e-04
  -1.1250020e-04
  -1.1236971e-04
  -1.1216273e-04
  -1.1189623e-04
  -1.1161098e-04
  -1.1128885e-04
  -1.1092274e-04
  -1.1052151e-04
  -1.1007926e-04
  -1.0960878e-04
  -1.0912949e-04
  -1.0862746e-04
  -1.0808551e-04
  -1.0750620e-04
  -1.0688364e-04
  -1.0622866e-04
  -1.0556461e-04
  -1.0489279e-04
  -1.0421950e-04
  -1.0355143e-04
  -1.0288737e-04
  -1.0223926e-04
  -1.0161994e-04
  -1.0101467e-04
  -1.0040293e-04
  -9.9776391e-05
  -9.9116625e-05
  -9.8426398e-05
  -9.7719308e-05
  -9.6980016e-05
  -9.6197192e-05
  -9.5379690e-05
  -9.4534055e-05
  -9.3666791e-05
  -9.2792043e-05
  -9.1898134e-05
  -9.0965206e-05
  -8.9997480e-05
  -8.8992950e-05
  -8.7958049e-05
  -8.6911039e-05
  -8.5852788e-05
  -8.4787023e-05
  -8.3722385e-05
  -8.2662731e-05
  -8.1619526e-05
  -8.0606506e-05
  -7.9615737e-05
  -7.8634097e-05
  -7.7660723e-05
  -7.6687409e-05
  -7.5722316e-05
  -7.4783311e-05
  -7.3866055e-05
  -7.2969885e-05
  -7.2099159e-05
  -7.1251989e-05
  -7.0433911e-05
  -6.9652315e-05
  -6.8903536e-05
  -6.8183288e-05
  -6.7492552e-05
  -6.6829297e-05
  -6.6200695e-05
  -6.5619012e-05
  -6.5087208e-05
  -6.4611203e-05
  -6.4193823e-05
  -6.3833495e-05
  -6.3537171e-05
  -6.3311364e-05
  -6.3144184e-05
  -6.3019362e-05
  -6.2927949e-05
  -6.2853757e-05
  -6.2795477e-05
  -6.2758900e-05
  -6.2729039e-05
  -6.2693408e-05
  -6.2654871e-05
  -6.2614946e-05
  -6.2573849e-05
  -6.2537418e-05
  -6.2491485e-05
  -6.2414918e-05
  -6.2305191e-05
  -6.2154701e-05
  -6.1969016e-05
  -6.1765724e-05
  -6.1544517e-05
  -6.1309948e-05
  -6.1065171e-05
  -6.0806362e-05
  -6.0543894e-05
  -6.0289023e-05
  -6.0026230e-05
  -5.9734943e-05
  -5.9406716e-05
  -5.9023595e-05
  -5.8590642e-05
  -5.8124660e-05
  -5.7613515e-05
  -5.7050193e-05
  -5.6443733e-05
  -5.5799370e-05
  -5.5126544e-05
  -5.4441261e-05
  -5.3737589e-05
  -5.3004495e-05
  -5.2250349e-05
  -5.1478644e-05
  -5.0690985e-05
  -4.9894624e-05
  -4.9088742e-05
  -4.8271323e-05
  -4.7451840e-05
  -4.6640568e-05
  -4.5842416e-05
  -4.5065524e-05
  -4.4298284e-05
  -4.3519394e-05
  -4.2723268e-05
  -4.1896999e-05
  -4.1037734e-05
  -4.0151390e-05
  -3.9222762e-05
  -3.8237808e-05
  -3.7207374e-05
  -3.6144345e-05
  -3.5054163e-05
  -3.3951289e-05
  -3.2824946e-05
  -3.1653618e-05
  -3.0443744e-05
  -2.9195895e-05
  -2.7912188e-05
  -2.6605468e-05
  -2.5274032e-05
  -2.3916620e-05
  -2.2542081e-05
  -2.1157077e-05
  -1.9769070e-05
  -1.8388838e-05
  -1.7009120e-05
  -1.5616476e-05
  -1.4210484e-05
  -1.2784767e-05
  -1.1344111e-05
  -9.9016599e-06
  -8.4526860e-06
  -6.9948525e-06
  -5.5336259e-06
  -4.0708374e-06
  -2.6117680e-06
  -1.1645264e-06
   2.7370858e-07
   1.7077766e-06
   3.1345595e-06
   4.5536560e-06
   5.9605628e-06
   7.3466036e-06
   8.7099866e-06
   1.0047719e-05
   1.1355615e-05
   1.2631645e-05
   1.3870603e-05
   1.5066737e-05
   1.6228070e-05
   1.7366977e-05
   1.8488606e-05
   1.9603405e-05
   2.0712051e-05
   2.1809670e-05
   2.2906595e-05
   2.4011632e-05
   2.5120551e-05
   2.6229465e-05
   2.7336638e-05
   2.8435596e-05
   2.9535400e-05
   3.0650903e-05
   3.1781657e-05
   3.2931060e-05
   3.4094054e-05
   3.5256614e-05
   3.6417723e-05
   3.7573212e-05
   3.8718516e-05
   3.9853694e-05
   4.0969697e-05
   4.2056466e-05
   4.3123128e-05
   4.4182763e-05
   4.5239081e-05
   4.6302528e-05
   4.7367506e-05
   4.8419874e-05
   4.9466052e-05
   5.0508868e-05
   5.1544499e-05
   5.2573923e-05
   5.3592384e-05
   5.4592484e-05
   5.5578946e-05
   5.6558076e-05
   5.7528357e-05
   5.8491324e-05
   5.9443413e-05
   6.0376656e-05
   6.1290709e-05
   6.2183767e-05
   6.3053099e-05
   6.3898463e-05
   6.4715830e-05
   6.5500674e-05
   6.6257966e-05
   6.6994910e-05
   6.7714163e-05
   6.8421834e-05
   6.9117085e-05
   6.9795326e-05
   7.0461840e-05
   7.1120629e-05
   7.1768497e-05
   7.2402932e-05
   7.3021691e-05
   7.3619832e-05
   7.4201381e-05
   7.4773302e-05
   7.5334072e-05
   7.5884332e-05
   7.6421492e-05
   7.6938663e-05
   7.7435225e-05
   7.7909426e-05
   7.8358017e-05
   7.8779558e-05
   7.9169548e-05
   7.9522712e-05
   7.9841855e-05
   8.0131644e-05
   8.0392293e-05
   8.0626760e-05
   8.0831743e-05
   8.1000305e-05
   8.1133865e-05
   8.1232423e-05
   8.1294656e-05
   8.1321825e-05
   8.1312041e-05
   8.1262941e-05
   8.1175955e-05
   8.1052509e-05
   8.0892689e-05
   8.0697666e-05
   8.0464470e-05
   8.0188178e-05
   7.9867548e-05
   7.9499982e-05
   7.9084784e-05
   7.8623222e-05
   7.8112569e-05
   7.7550439e-05
   7.6941837e-05
   7.6293335e-05
   7.5608893e-05
   7.4895400e-05
   7.4153516e-05
   7.3381091e-05
   7.2584397e-05
   7.1768641e-05
   7.0933131e-05
   7.0077839e-05
   6.9203053e-05
   6.8306893e-05
   6.7395436e-05
   6.6477459e-05
   6.5554500e-05
   6.4630134e-05
   6.3702303e-05
   6.2764071e-05
   6.1815825e-05
   6.0855876e-05
   5.9883415e-05
   5.8900585e-05
   5.7903447e-05
   5.6887773e-05
   5.5860377e-05
   5.4830083e-05
   5.3800855e-05
   5.2780594e-05
   5.1767609e-05
   5.0755389e-05
   4.9749392e-05
   4.8752947e-05
   4.7762937e-05
   4.6777892e-05
   4.5794500e-05
   4.4806803e-05
   4.3817829e-05
   4.2832647e-05
   4.1848501e-05
   4.0864644e-05
   3.9880956e-05
   3.8894991e-05
   3.7907686e-05
   3.6920423e-05
   3.5930032e-05
   3.4933090e-05
   3.3928217e-05
   3.2912755e-05
   3.1892178e-05
   3.0875895e-05
   2.9866951e-05
   2.8871416e-05
   2.7891165e-05
   2.6924491e-05
   2.5978392e-05
   2.5059378e-05
   2.4163837e-05
   2.3287370e-05
   2.2428573e-05
   2.1582378e-05
   2.0754055e-05
   1.9953256e-05
   1.9178246e-05
   1.8429707e-05
   1.7705534e-05
   1.6998323e-05
   1.6307859e-05
   1.5632842e-05
   1.4969344e-05
   1.4315227e-05
   1.3665424e-05
   1.3013686e-05
   1.2363840e-05
   1.1722356e-05
   1.1089622e-05
   1.0469424e-05
   9.8579156e-06
   9.2465502e-06
   8.6372595e-06
   8.0302266e-06
   7.4242262e-06
   6.8214070e-06
   6.2197826e-06
   5.6168854e-06
   5.0147009e-06
   4.4150340e-06
   3.8184365e-06
   3.2267575e-06
   2.6359302e-06
   2.0392921e-06
   1.4350292e-06
   8.1933046e-07
   1.9145579e-07
  -4.4658058e-07
  -1.0986440e-06
  -1.7680406e-06
  -2.4490017e-06
  -3.1342017e-06
  -3.8191403e-06
  -4.4957415e-06
  -5.1640045e-06
  -5.8273805e-06
  -6.4789683e-06
  -7.1133365e-06
  -7.7317613e-06
  -8.3345237e-06
  -8.9220099e-06
  -9.4971189e-06
  -1.0053355e-05
  -1.0581219e-05
  -1.1079582e-05
  -1.1544919e-05
  -1.1981006e-05
  -1.2397569e-05
  -1.2795445e-05
  -1.3178188e-05
  -1.3547919e-05
  -1.3903079e-05
  -1.4249974e-05
  -1.4595216e-05
  -1.4931955e-05
  -1.5251055e-05
  -1.5549194e-05
  -1.5818272e-05
  -1.6062160e-05
  -1.6290663e-05
  -1.6498945e-05
  -1.6684877e-05
  -1.6851620e-05
  -1.6999213e-05
  -1.7131577e-05
  -1.7254813e-05
  -1.7365863e-05
  -1.7460309e-05
  -1.7540204e-05
  -1.7605390e-05
  -1.7658285e-05
  -1.7704355e-05
  -1.7744031e-05
  -1.7778422e-05
  -1.7810534e-05
  -1.7842174e-05
  -1.7876551e-05
  -1.7917558e-05
  -1.7961256e-05
  -1.8001190e-05
  -1.8035497e-05
  -1.8059444e-05
  -1.8073529e-05
  -1.8081510e-05
  -1.8078858e-05
  -1.8061933e-05
  -1.8034508e-05
  -1.8000300e-05
  -1.7961855e-05
  -1.7924471e-05
  -1.7885043e-05
  -1.7837379e-05
  -1.7783855e-05
  -1.7724869e-05
  -1.7661022e-05
  -1.7596002e-05
  -1.7529087e-05
  -1.7459497e-05
  -1.7389943e-05
  -1.7322602e-05
  -1.7259271e-05
  -1.7202793e-05
  -1.7151344e-05
  -1.7101334e-05
  -1.7052799e-05
  -1.7004256e-05
  -1.6956650e-05
  -1.6913015e-05
  -1.6871992e-05
  -1.6832697e-05
  -1.6797607e-05
  -1.6768894e-05
  -1.6748636e-05
  -1.6740165e-05
  -1.6743178e-05
  -1.6756250e-05
  -1.6781537e-05
  -1.6820393e-05
  -1.6873412e-05
  -1.6942103e-05
  -1.7026737e-05
  -1.7127227e-05
  -1.7245668e-05
  -1.7384394e-05
  -1.7544477e-05
  -1.7727562e-05
  -1.7930117e-05
  -1.8146031e-05
  -1.8372996e-05
  -1.8606659e-05
  -1.8845466e-05
  -1.9090063e-05
  -1.9335286e-05
  -1.9576223e-05
  -1.9814568e-05
  -2.0052466e-05
  -2.0289969e-05
  -2.0529464e-05
  -2.0766320e-05
  -2.0992865e-05
  -2.1208938e-05
  -2.1412648e-05
  -2.1604893e-05
  -2.1790456e-05
  -2.1968596e-05
  -2.2139614e-05
  -2.2304738e-05
  -2.2463449e-05
  -2.2618319e-05
  -2.2772506e-05
  -2.2920957e-05
  -2.3056645e-05
  -2.3176878e-05
  -2.3276078e-05
  -2.3355150e-05
  -2.3418640e-05
  -2.3462368e-05
  -2.3483558e-05
  -2.3486046e-05
  -2.3473234e-05
  -2.3448672e-05
  -2.3418580e-05
  -2.3381450e-05
  -2.3333497e-05
  -2.3278751e-05
  -2.3219627e-05
  -2.3156023e-05
  -2.3089491e-05
  -2.3019624e-05
  -2.2944955e-05
  -2.2869658e-05
  -2.2799022e-05
  -2.2734479e-05
  -2.2678964e-05
  -2.2628425e-05
  -2.2574645e-05
  -2.2515917e-05
  -2.2447937e-05
  -2.2369264e-05
  -2.2281695e-05
  -2.2179527e-05
  -2.2057242e-05
  -2.1919453e-05
  -2.1771968e-05
  -2.1617015e-05
  -2.1460460e-05
  -2.1298411e-05
  -2.1122566e-05
  -2.0935855e-05
  -2.0738963e-05
  -2.0531777e-05
  -2.0317924e-05
  -2.0096075e-05
  -1.9864529e-05
  -1.9626523e-05
  -1.9384999e-05
  -1.9141654e-05
  -1.8899631e-05
  -1.8656360e-05
  -1.8406823e-05
  -1.8150851e-05
  -1.7886432e-05
  -1.7614312e-05
  -1.7337901e-05
  -1.7055195e-05
  -1.6764724e-05
  -1.6468926e-05
  -1.6169739e-05
  -1.5869103e-05
  -1.5570381e-05
  -1.5272699e-05
  -1.4973915e-05
  -1.4675923e-05
  -1.4379657e-05
  -1.4085664e-05
  -1.3795712e-05
  -1.3509835e-05
  -1.3227836e-05
  -1.2951629e-05
  -1.2683163e-05
  -1.2423499e-05
  -1.2174273e-05
  -1.1932993e-05
  -1.1695213e-05
  -1.1459568e-05
  -1.1223131e-05
  -1.0985137e-05
  -1.0746589e-05
  -1.0504041e-05
  -1.0254281e-05
  -9.9989847e-06
  -9.7401107e-06
  -9.4781932e-06
  -9.2155066e-06
  -8.9491688e-06
  -8.6741189e-06
  -8.3908080e-06
  -8.0984376e-06
  -7.7980490e-06
  -7.4934421e-06
  -7.1845328e-06
  -6.8719251e-06
  -6.5570959e-06
  -6.2403684e-06
  -5.9240600e-06
  -5.6109606e-06
  -5.2982443e-06
  -4.9817064e-06
  -4.6602201e-06
  -4.3307071e-06
  -3.9944670e-06
  -3.6553219e-06
  -3.3111683e-06
  -2.9608649e-06
  -2.6062022e-06
  -2.2479960e-06
  -1.8880856e-06
  -1.5294675e-06
  -1.1710120e-06
  -8.1071595e-07
  -4.4996051e-07
  -8.9166961e-08
   2.7089120e-07
   6.2819885e-07
   9.8265624e-07
   1.3341402e-06
   1.6810056e-06
   2.0218141e-06
   2.3553249e-06
   2.6798421e-06
   2.9969871e-06
   3.3097293e-06
   3.6187098e-06
   3.9257795e-06
   4.2308889e-06
   4.5325651e-06
   4.8328131e-06
   5.1333601e-06
   5.4323535e-06
   5.7277988e-06
   6.0185409e-06
   6.3021167e-06
   6.5798645e-06
   6.8546337e-06
   7.1252221e-06
   7.3913168e-06
   7.6527522e-06
   7.9079879e-06
   8.1574009e-06
   8.4014782e-06
   8.6389423e-06
   8.8686749e-06
   9.0899564e-06
   9.3015580e-06
   9.5042732e-06
   9.6997419e-06
   9.8879186e-06
   1.0069410e-05
   1.0243879e-05
   1.0410072e-05
   1.0568617e-05
   1.0719967e-05
   1.0863000e-05
   1.0996677e-05
   1.1120098e-05
   1.1231784e-05
   1.1331882e-05
   1.1421081e-05
   1.1498407e-05
   1.1563243e-05
   1.1615415e-05
   1.1654358e-05
   1.1680019e-05
   1.1692544e-05
   1.1691022e-05
   1.1674397e-05
   1.1642282e-05
   1.1594019e-05
   1.1531165e-05
   1.1456430e-05
   1.1370835e-05
   1.1276276e-05
   1.1173506e-05
   1.1062335e-05
   1.0945050e-05
   1.0823848e-05
   1.0698043e-05
   1.0566730e-05
   1.0429955e-05
   1.0286745e-05
   1.0139164e-05
   9.9906091e-06
   9.8412069e-06
   9.6918333e-06
   9.5422153e-06
   9.3904176e-06
   9.2368693e-06
   9.0815721e-06
   8.9240877e-06
   8.7647138e-06
   8.6024727e-06
   8.4361293e-06
   8.2679563e-06
   8.1010865e-06
   7.9367828e-06
   7.7775424e-06
   7.6231182e-06
   7.4717084e-06
   7.3252351e-06
   7.1850292e-06
   7.0495965e-06
   6.9176295e-06
   6.7877673e-06
   6.6575136e-06
   6.5276720e-06
   6.4000231e-06
   6.2730142e-06
   6.1457855e-06
   6.0185550e-06
   5.8908376e-06
   5.7629884e-06
   5.6358185e-06
   5.5077377e-06
   5.3766837e-06
   5.2422434e-06
   5.1033647e-06
   4.9619708e-06
   4.8217593e-06
   4.6836614e-06
   4.5497163e-06
   4.4207526e-06
   4.2962259e-06
   4.1787822e-06
   4.0709935e-06
   3.9711297e-06
   3.8769567e-06
   3.7877666e-06
   3.7013092e-06
   3.6194832e-06
   3.5460666e-06
   3.4800675e-06
   3.4214527e-06
   3.3697487e-06
   3.3225567e-06
   3.2800335e-06
   3.2421665e-06
   3.2073870e-06
   3.1745758e-06
   3.1421953e-06
   3.1081556e-06
   3.0737827e-06
   3.0414893e-06
   3.0113420e-06
   2.9845438e-06
   2.9600005e-06
   2.9350159e-06
   2.9103548e-06
   2.8862729e-06
   2.8620199e-06
   2.8377526e-06
   2.8126244e-06
   2.7854324e-06
   2.7567634e-06
   2.7273727e-06
   2.6970373e-06
   2.6660104e-06
   2.6331454e-06
   2.5964507e-06
   2.5554175e-06
   2.5090794e-06
   2.4568841e-06
   2.3989554e-06
   2.3341036e-06
   2.2611825e-06
   2.1820694e-06
   2.0993895e-06
   2.0145056e-06
   1.9299632e-06
   1.8458817e-06
   1.7611936e-06
   1.6782457e-06
   1.5989735e-06
   1.5227241e-06
   1.4490387e-06
   1.3777006e-06
   1.3075395e-06
   1.2406999e-06
   1.1804856e-06
   1.1270766e-06
   1.0814855e-06
   1.0425238e-06
   1.0069848e-06
   9.7463093e-07
   9.4440301e-07
   9.1546000e-07
   8.8811061e-07
   8.6028466e-07
   8.2975022e-07
   7.9873660e-07
   7.7030629e-07
   7.4547922e-07
   7.2685084e-07
   7.1315695e-07
   7.0115690e-07
   6.9243205e-07
   6.8769491e-07
   6.8601409e-07
   6.8753752e-07
   6.9109640e-07
   6.9485503e-07
   6.9990567e-07
   7.0774747e-07
   7.1790183e-07
   7.3061197e-07
   7.4509440e-07
   7.5954822e-07
   7.7389595e-07
   7.8777585e-07
   8.0040920e-07
   8.1150890e-07
   8.2010785e-07
   8.2506939e-07
   8.2766816e-07
   8.2985650e-07
   8.3229518e-07
   8.3652592e-07
   8.4240713e-07
   8.4881799e-07
   8.5716891e-07
   8.6857324e-07
   8.8207169e-07
   8.9679466e-07
   9.1209826e-07
   9.2656599e-07
   9.4122711e-07
   9.5796705e-07
   9.7625564e-07
   9.9614510e-07
   1.0172689e-06
   1.0382422e-06
   1.0591502e-06
   1.0799531e-06
   1.0998607e-06
   1.1183862e-06
   1.1347398e-06
   1.1478688e-06
   1.1584487e-06
   1.1676679e-06
   1.1755890e-06
   1.1828510e-06
   1.1889479e-06
   1.1925975e-06
   1.1942354e-06
   1.1940500e-06
   1.1915215e-06
   1.1864888e-06
   1.1784300e-06
   1.1665617e-06
   1.1511486e-06
   1.1326392e-06
   1.1107354e-06
   1.0854003e-06
   1.0562269e-06
   1.0224250e-06
   9.8384736e-07
   9.4024311e-07
   8.9123179e-07
   8.3662851e-07
   7.7597783e-07
   7.0877146e-07
   6.3600264e-07
   5.5917455e-07
   4.7898637e-07
   3.9672492e-07
   3.1263269e-07
   2.2634954e-07
   1.3919469e-07
   5.2335625e-08
  -3.4557396e-08
  -1.2179696e-07
  -2.0939953e-07
  -2.9792062e-07
  -3.8614645e-07
  -4.7218189e-07
  -5.5588734e-07
  -6.3668053e-07
  -7.1491886e-07
  -7.9197619e-07
  -8.6774164e-07
  -9.4245167e-07
  -1.0163931e-06
  -1.0893236e-06
  -1.1620198e-06
  -1.2353694e-06
  -1.3080555e-06
  -1.3782945e-06
  -1.4453763e-06
  -1.5078112e-06
  -1.5659350e-06
  -1.6210551e-06
  -1.6721153e-06
  -1.7184611e-06
  -1.7609185e-06
  -1.8000698e-06
  -1.8367314e-06
  -1.8723206e-06
  -1.9063597e-06
  -1.9378837e-06
  -1.9676958e-06
  -1.9961867e-06
  -2.0234140e-06
  -2.0498928e-06
  -2.0755211e-06
  -2.1000343e-06
  -2.1243052e-06
  -2.1493515e-06
  -2.1755474e-06
  -2.2035797e-06
  -2.2324363e-06
  -2.2602042e-06
  -2.2864099e-06
  -2.3099497e-06
  -2.3305190e-06
  -2.3485794e-06
  -2.3627750e-06
  -2.3718288e-06
  -2.3767228e-06
  -2.3786569e-06
  -2.3781048e-06
  -2.3763558e-06
  -2.3724558e-06
  -2.3644725e-06
  -2.3529967e-06
  -2.3380996e-06
  -2.3199213e-06
  -2.2995437e-06
  -2.2767828e-06
  -2.2514693e-06
  -2.2243856e-06
  -2.1961453e-06
  -2.1673632e-06
  -2.1389591e-06
  -2.1102904e-06
  -2.0801566e-06
  -2.0485191e-06
  -2.0148252e-06
  -1.9794575e-06
  -1.9435247e-06
  -1.9065967e-06
  -1.8684413e-06
  -1.8295516e-06
  -1.7901272e-06
  -1.7506291e-06
  -1.7117806e-06
  -1.6733346e-06
  -1.6348481e-06
  -1.5966168e-06
  -1.5586978e-06
  -1.5214524e-06
  -1.4856012e-06
  -1.4512815e-06
  -1.4187163e-06
  -1.3882853e-06
  -1.3602033e-06
  -1.3349033e-06
  -1.3128779e-06
  -1.2934121e-06
  -1.2753871e-06
  -1.2583469e-06
  -1.2413712e-06
  -1.2243733e-06
  -1.2077569e-06
  -1.1905932e-06
  -1.1720800e-06
  -1.1525949e-06
  -1.1324988e-06
  -1.1119360e-06
  -1.0914791e-06
  -1.0703165e-06
  -1.0471119e-06
  -1.0219069e-06
  -9.9440100e-07
  -9.6502065e-07
  -9.3498605e-07
  -9.0436986e-07
  -8.7351593e-07
  -8.4282422e-07
  -8.1229299e-07
  -7.8270437e-07
  -7.5493475e-07
  -7.2816830e-07
  -7.0123444e-07
  -6.7379838e-07
  -6.4493190e-07
  -6.1511335e-07
  -5.8557506e-07
  -5.5573858e-07
  -5.2533960e-07
  -4.9468782e-07
  -4.6366363e-07
  -4.3265831e-07
  -4.0228976e-07
  -3.7211843e-07
  -3.4157024e-07
  -3.1074272e-07
  -2.7946530e-07
  -2.4803664e-07
  -2.1714504e-07
  -1.8679985e-07
  -1.5714648e-07
  -1.2838814e-07
  -1.0049854e-07
  -7.3809289e-08
  -4.8689602e-08
  -2.4689411e-08
  -1.1776698e-09
   2.2099330e-08
   4.5692941e-08
   6.9545576e-08
   9.3278866e-08
   1.1736422e-07
   1.4215933e-07
   1.6742649e-07
   1.9299597e-07
   2.1870439e-07
   2.4416459e-07
   2.6974633e-07
   2.9606104e-07
   3.2301503e-07
   3.5069800e-07
   3.7887744e-07
   4.0694184e-07
   4.3483405e-07
   4.6238188e-07
   4.8932344e-07
   5.1556953e-07
   5.4071597e-07
   5.6429894e-07
   5.8658694e-07
   6.0800557e-07
   6.2859466e-07
   6.4864433e-07
   6.6785605e-07
   6.8560162e-07
   7.0201794e-07
   7.1710732e-07
   7.3079719e-07
   7.4326972e-07
   7.5438838e-07
   7.6399051e-07
   7.7223239e-07
   7.7925011e-07
   7.8510727e-07
   7.8996256e-07
   7.9354440e-07
   7.9540049e-07
   7.9542770e-07
   7.9337971e-07
   7.8924014e-07
   7.8319425e-07
   7.7500285e-07
   7.6447126e-07
   7.5193349e-07
   7.3778212e-07
   7.2228378e-07
   7.0591187e-07
   6.8864688e-07
   6.7027598e-07
   6.5118100e-07
   6.3164998e-07
   6.1164964e-07
   5.9122785e-07
   5.7038162e-07
   5.4898603e-07
   5.2741461e-07
   5.0618366e-07
   4.8539620e-07
   4.6528448e-07
   4.4566598e-07
   4.2604474e-07
   4.0640507e-07
   3.8657919e-07
   3.6650186e-07
   3.4631464e-07
   3.2571733e-07
   3.0440109e-07
   2.8277519e-07
   2.6136360e-07
   2.4039542e-07
   2.2035612e-07
   2.0108671e-07
   1.8211601e-07
   1.6375512e-07
   1.4617027e-07
   1.2919669e-07
   1.1281456e-07
   9.6826793e-08
   8.0899294e-08
   6.5225574e-08
   5.0094437e-08
   3.5386367e-08
   2.1105361e-08
   7.1910113e-09
  -6.5729881e-09
  -2.0155320e-08
  -3.3533482e-08
  -4.6865494e-08
  -6.0278161e-08
  -7.3886876e-08
  -8.7862028e-08
  -1.0190517e-07
  -1.1553085e-07
  -1.2857030e-07
  -1.4068111e-07
  -1.5179997e-07
  -1.6206323e-07
  -1.7110770e-07
  -1.7861071e-07
  -1.8476016e-07
  -1.8976351e-07
  -1.9370803e-07
  -1.9686756e-07
  -1.9896693e-07
  -1.9951258e-07
  -1.9859291e-07
  -1.9616693e-07
  -1.9237863e-07
  -1.8765875e-07
  -1.8204255e-07
  -1.7563593e-07
  -1.6865564e-07
  -1.6120979e-07
  -1.5359910e-07
  -1.4618126e-07
  -1.3876019e-07
  -1.3100501e-07
  -1.2290353e-07
  -1.1425595e-07
  -1.0529604e-07
  -9.6514308e-08
  -8.7822084e-08
  -7.9230638e-08
  -7.0809974e-08
  -6.2436645e-08
  -5.4229039e-08
  -4.6325567e-08
  -3.8628601e-08
  -3.1058347e-08
  -2.3585820e-08
  -1.6111918e-08
  -8.8807240e-09
  -2.2793735e-09
   3.5755983e-09
   8.4514218e-09
   1.2302838e-08
   1.5243372e-08
   1.7043646e-08
   1.7509450e-08
   1.6927350e-08
   1.5654725e-08
   1.3913730e-08
   1.2115730e-08
   1.0232607e-08
   8.0550039e-09
   5.9218245e-09
   4.0901626e-09
   2.4816068e-09
   1.0775123e-09
  -1.6138422e-10
  -1.4010351e-09
  -2.3222651e-09
  -2.4565640e-09
  -1.7586876e-09
  -5.9574318e-11
   2.4174818e-09
   5.1392123e-09
   8.0373581e-09
   1.0897634e-08
   1.3591686e-08
   1.6186780e-08
   1.8328270e-08
   1.9647959e-08
   2.0481675e-08
   2.1281164e-08
   2.2199088e-08
   2.3637979e-08
   2.5369653e-08
   2.6855756e-08
   2.8324746e-08
   2.9861941e-08
   3.1382457e-08
   3.3010636e-08
   3.4605803e-08
   3.5957582e-08
   3.7262796e-08
   3.8745497e-08
   4.0419038e-08
   4.2404460e-08
   4.4555627e-08
   4.6561536e-08
   4.8412571e-08
   5.0016926e-08
   5.1333872e-08
   5.2449022e-08
   5.3219358e-08
   5.3504250e-08
   5.3487959e-08
   5.3394843e-08
   5.3341904e-08
   5.3564451e-08
   5.4023976e-08
   5.4560408e-08
   5.5351650e-08
   5.6520411e-08
   5.8007269e-08
   5.9799583e-08
   6.1847469e-08
   6.4030394e-08
   6.6496143e-08
   6.9463661e-08
   7.2925801e-08
   7.6941733e-08
   8.1396442e-08
   8.6025717e-08
   9.0788973e-08
   9.5582158e-08
   1.0031457e-07
   1.0498011e-07
   1.0939623e-07
   1.1336704e-07
   1.1700423e-07
   1.2047096e-07
   1.2379006e-07
   1.2709073e-07
   1.3023255e-07
   1.3293732e-07
   1.3525524e-07
   1.3717359e-07
   1.3868737e-07
   1.3991626e-07
   1.4081617e-07
   1.4134635e-07
   1.4157943e-07
   1.4156252e-07
   1.4135313e-07
   1.4104599e-07
   1.4051029e-07
   1.3953666e-07
   1.3807428e-07
   1.3599594e-07
   1.3331727e-07
   1.3015760e-07
   1.2640771e-07
   1.2198782e-07
   1.1702208e-07
   1.1163337e-07
   1.0592668e-07
   1.0008661e-07
   9.4082854e-08
   8.7814045e-08
   8.1408862e-08
   7.4951732e-08
   6.8442977e-08
   6.1928695e-08
   5.5404975e-08
   4.8833885e-08
   4.2345550e-08
   3.6106167e-08
   3.0162030e-08
   2.4603993e-08
   1.9346935e-08
   1.4193486e-08
   9.1228737e-09
   4.0499229e-09
  -1.0481907e-09
  -6.1109135e-09
  -1.1263773e-08
  -1.6629925e-08
  -2.2067599e-08
  -2.7400553e-08
  -3.2550234e-08
  -3.7343066e-08
  -4.1853908e-08
  -4.6272106e-08
  -5.0495833e-08
  -5.4479834e-08
  -5.8272282e-08
  -6.1855503e-08
  -6.5296954e-08
  -6.8703702e-08
  -7.2005150e-08
  -7.5107829e-08
  -7.8037407e-08
  -8.0776181e-08
  -8.3363175e-08
  -8.5896397e-08
  -8.8373897e-08
  -9.0808860e-08
  -9.3245447e-08
  -9.5701725e-08
  -9.8229166e-08
  -1.0089093e-07
  -1.0359286e-07
  -1.0619188e-07
  -1.0863357e-07
  -1.1080542e-07
  -1.1270202e-07
  -1.1438265e-07
  -1.1573933e-07
  -1.1668213e-07
  -1.1726786e-07
  -1.1755117e-07
  -1.1756433e-07
  -1.1739398e-07
  -1.1695801e-07
  -1.1611258e-07
  -1.1488429e-07
  -1.1325964e-07
  -1.1127790e-07
  -1.0906081e-07
  -1.0661356e-07
  -1.0396045e-07
  -1.0116150e-07
  -9.8245621e-08
  -9.5293023e-08
  -9.2400689e-08
  -8.9510828e-08
  -8.6527339e-08
  -8.3443911e-08
  -8.0201882e-08
  -7.6860689e-08
  -7.3550607e-08
  -7.0241769e-08
  -6.6931187e-08
  -6.3643089e-08
  -6.0352767e-08
  -5.7095112e-08
  -5.3914804e-08
  -5.0783684e-08
  -4.7673524e-08
  -4.4582911e-08
  -4.1489875e-08
  -3.8452788e-08
  -3.5568380e-08
  -3.2862382e-08
  -3.0387211e-08
  -2.8158724e-08
  -2.6155116e-08
  -2.4432485e-08
  -2.3040677e-08
  -2.1910439e-08
  -2.0952873e-08
  -2.0116649e-08
  -1.9304059e-08
  -1.8522349e-08
  -1.7823953e-08
  -1.7127322e-08
  -1.6370290e-08
  -1.5575376e-08
  -1.4751380e-08
  -1.3910325e-08
  -1.3096071e-08
  -1.2233074e-08
  -1.1208443e-08
  -1.0014801e-08
  -8.6144619e-09
  -7.0601138e-09
  -5.4786794e-09
  -3.8860021e-09
  -2.3314570e-09
  -8.4792131e-10
   5.7722395e-10
   1.8598776e-09
   2.9118392e-09
   3.8112073e-09
   4.6643838e-09
   5.5055807e-09
   6.4278964e-09
   7.3770496e-09
   8.2254437e-09
   9.0259765e-09
   9.7981576e-09
   1.0524820e-08
   1.1239646e-08
   1.1912219e-08
   1.2497282e-08
   1.3042768e-08
   1.3601608e-08
   1.4181734e-08
   1.4816172e-08
   1.5470107e-08
   1.6069621e-08
   1.6613348e-08
   1.7078829e-08
   1.7461400e-08
   1.7788641e-08
   1.8028383e-08
   1.8150512e-08
   1.8197053e-08
   1.8215502e-08
   1.8233876e-08
   1.8306383e-08
   1.8423593e-08
   1.8549853e-08
   1.8724064e-08
   1.8971929e-08
   1.9285757e-08
   1.9670712e-08
   2.0118970e-08
   2.0609498e-08
   2.1176181e-08
   2.1865503e-08
   2.2681119e-08
   2.3640490e-08
   2.4712848e-08
   2.5833043e-08
   2.6987950e-08
   2.8146547e-08
   2.9289909e-08
   3.0421514e-08
   3.1494537e-08
   3.2460908e-08
   3.3347569e-08
   3.4191658e-08
   3.4999668e-08
   3.5804272e-08
   3.6568408e-08
   3.7221429e-08
   3.7774170e-08
   3.8220981e-08
   3.8566638e-08
   3.8850192e-08
   3.9064491e-08
   3.9206388e-08
   3.9295689e-08
   3.9342259e-08
   3.9367716e-08
   3.9402168e-08
   3.9410453e-08
   3.9337573e-08
   3.9170079e-08
   3.8872163e-08
   3.8453567e-08
   3.7953791e-08
   3.7344959e-08
   3.6608909e-08
   3.5771180e-08
   3.4850227e-08
   3.3869351e-08
   3.2868848e-08
   3.1836083e-08
   3.0744242e-08
   2.9615814e-08
   2.8461539e-08
   2.7285908e-08
   2.6107460e-08
   2.4925192e-08
   2.3734694e-08
   2.2560252e-08
   2.1428271e-08
   2.0351267e-08
   1.9349712e-08
   1.8402207e-08
   1.7466134e-08
   1.6533807e-08
   1.5582279e-08
   1.4608425e-08
   1.3627853e-08
   1.2612286e-08
   1.1535641e-08
   1.0424350e-08
   9.3093094e-09
   8.2054821e-09
   7.1468170e-09
   6.1148479e-09
   5.0686743e-09
   4.0258781e-09
   2.9919220e-09
   1.9637476e-09
   9.5566860e-10
  -4.1527577e-11
  -1.0410191e-09
  -2.0267714e-09
  -2.9824208e-09
  -3.9040945e-09
  -4.7800542e-09
  -5.6213157e-09
  -6.4510488e-09
  -7.2695298e-09
  -8.0841492e-09
  -8.8958062e-09
  -9.6950218e-09
  -1.0492135e-08
  -1.1296699e-08
  -1.2092860e-08
  -1.2862234e-08
  -1.3593802e-08
  -1.4267206e-08
  -1.4884487e-08
  -1.5457132e-08
  -1.5969812e-08
  -1.6411767e-08
  -1.6786157e-08
  -1.7092284e-08
  -1.7332828e-08
  -1.7515931e-08
  -1.7628592e-08
  -1.7652357e-08
  -1.7586372e-08
  -1.7424556e-08
  -1.7179144e-08
  -1.6876024e-08
  -1.6520926e-08
  -1.6126508e-08
  -1.5701228e-08
  -1.5245039e-08
  -1.4777279e-08
  -1.4317994e-08
  -1.3857452e-08
  -1.3381679e-08
  -1.2889333e-08
  -1.2368739e-08
  -1.1835869e-08
  -1.1320228e-08
  -1.0818936e-08
  -1.0335704e-08
  -9.8702341e-09
  -9.4086527e-09
  -8.9555235e-09
  -8.5139024e-09
  -8.0778074e-09
  -7.6452905e-09
  -7.2097940e-09
  -6.7614656e-09
  -6.3167086e-09
  -5.8999834e-09
  -5.5191909e-09
  -5.1912973e-09
  -4.9150712e-09
  -4.6774363e-09
  -4.4924641e-09
  -4.3704252e-09
  -4.2971149e-09
  -4.2582202e-09
  -4.2415863e-09
  -4.2253644e-09
  -4.2138996e-09
  -4.2202105e-09
  -4.2290856e-09
  -4.2306570e-09
  -4.2265130e-09
  -4.2130867e-09
  -4.1921791e-09
  -4.1701948e-09
  -4.1320068e-09
  -4.0574787e-09
  -3.9425559e-09
  -3.7775294e-09
  -3.5755115e-09
  -3.3644530e-09
  -3.1493459e-09
  -2.9436367e-09
  -2.7527800e-09
  -2.5714430e-09
  -2.4186706e-09
  -2.3133139e-09
  -2.2391487e-09
  -2.1752998e-09
  -2.1141019e-09
  -2.0353488e-09
  -1.9518000e-09
  -1.8915296e-09
  -1.8439964e-09
  -1.8062165e-09
  -1.7802209e-09
  -1.7561046e-09
  -1.7395849e-09
  -1.7385417e-09
  -1.7424803e-09
  -1.7409940e-09
  -1.7304678e-09
  -1.7021470e-09
  -1.6644076e-09
  -1.6339777e-09
  -1.6115531e-09
  -1.6032825e-09
  -1.6086301e-09
  -1.6190612e-09
  -1.6417580e-09
  -1.6827693e-09
  -1.7335088e-09
  -1.7855926e-09
  -1.8328401e-09
  -1.8637465e-09
  -1.8810653e-09
  -1.8926413e-09
  -1.8911473e-09
  -1.8723567e-09
  -1.8365976e-09
  -1.7807754e-09
  -1.7060736e-09
  -1.6156154e-09
  -1.5026892e-09
  -1.3590463e-09
  -1.1829292e-09
  -9.7004562e-10
  -7.2769081e-10
  -4.7004731e-10
  -2.0064930e-10
   7.2646392e-11
   3.4637124e-10
   6.2221631e-10
   8.8967835e-10
   1.1384129e-09
   1.3738623e-09
   1.6030818e-09
   1.8274672e-09
   2.0539667e-09
   2.2740462e-09
   2.4721321e-09
   2.6500449e-09
   2.8059046e-09
   2.9413872e-09
   3.0659906e-09
   3.1784451e-09
   3.2788152e-09
   3.3712874e-09
   3.4573620e-09
   3.5424217e-09
   3.6335405e-09
   3.7225132e-09
   3.7968707e-09
   3.8532914e-09
   3.8831876e-09
   3.8891431e-09
   3.8806537e-09
   3.8513097e-09
   3.7971126e-09
   3.7235260e-09
   3.6340191e-09
   3.5337737e-09
   3.4316747e-09
   3.3245835e-09
   3.2063603e-09
   3.0816422e-09
   2.9523604e-09
   2.8197504e-09
   2.6883539e-09
   2.5579463e-09
   2.4277761e-09
   2.3029963e-09
   2.1889257e-09
   2.0884812e-09
   2.0062444e-09
   1.9371877e-09
   1.8717000e-09
   1.8077990e-09
   1.7399950e-09
   1.6676401e-09
   1.5943315e-09
   1.5135838e-09
   1.4195042e-09
   1.3177673e-09
   1.2148927e-09
   1.1140977e-09
   1.0227935e-09
   9.3664334e-10
   8.4638020e-10
   7.5567924e-10
   6.6548929e-10
   5.7506262e-10
   4.8756013e-10
   4.0079455e-10
   3.1176086e-10
   2.2382538e-10
   1.4034692e-10
   6.2089003e-11
  -8.4622536e-12
  -7.4005876e-11
  -1.3992747e-10
  -2.0652980e-10
  -2.7574602e-10
  -3.4791916e-10
  -4.2104302e-10
  -4.9765817e-10
  -5.8009835e-10
  -6.6507266e-10
  -7.4878690e-10
  -8.2900490e-10
  -9.0142124e-10
  -9.6676234e-10
  -1.0278411e-09
  -1.0815229e-09
  -1.1257070e-09
  -1.1613084e-09
  -1.1883625e-09
  -1.2077151e-09
  -1.2214038e-09
  -1.2268185e-09
  -1.2201761e-09
  -1.2015326e-09
  -1.1697950e-09
  -1.1269116e-09
  -1.0773898e-09
  -1.0218824e-09
  -9.6214566e-10
  -8.9969232e-10
  -8.3457563e-10
  -7.6989928e-10
  -7.0899450e-10
  -6.4993555e-10
  -5.8993212e-10
  -5.2858276e-10
  -4.6367093e-10
  -3.9759865e-10
  -3.3512210e-10
  -2.7539154e-10
  -2.1863795e-10
  -1.6506996e-10
  -1.1281822e-10
  -6.2754511e-11
  -1.5744104e-11
   2.9356157e-11
   7.3292465e-11
   1.1685291e-10
   1.6146516e-10
   2.0484203e-10
   2.4335835e-10
   2.7604966e-10
   3.0069227e-10
   3.1733686e-10
   3.2773220e-10
   3.2988598e-10
   3.2226419e-10
   3.0703741e-10
   2.8650715e-10
   2.6244511e-10
   2.3806977e-10
   2.1283146e-10
   1.8485440e-10
   1.5645429e-10
   1.2918595e-10
   1.0276941e-10
   7.7646444e-11
   5.3557150e-11
   2.9515843e-11
   7.7830689e-12
  -8.5890553e-12
  -1.9042779e-11
  -2.2174286e-11
  -1.9716882e-11
  -1.5541926e-11
  -1.0219073e-11
  -5.4740422e-12
  -2.0518377e-12
   8.0292327e-13
   5.1599503e-13
  -5.4932231e-12
  -1.4843171e-11
  -2.4456430e-11
  -3.3182350e-11
  -3.8100306e-11
  -4.0885118e-11
  -4.5376827e-11
  -4.9978666e-11
  -5.4143563e-11
  -5.8419461e-11
  -6.1837293e-11
  -6.5393625e-11
  -7.0547487e-11
  -7.5914027e-11
  -7.9959813e-11
  -8.2561417e-11
  -8.2841328e-11
  -8.1865225e-11
  -8.1855011e-11
  -8.2905026e-11
  -8.5710107e-11
  -9.0551175e-11
  -9.6802129e-11
  -1.0550346e-10
  -1.1766758e-10
  -1.3198089e-10
  -1.4685088e-10
  -1.6143852e-10
  -1.7405569e-10
  -1.8499454e-10
  -1.9541848e-10
  -2.0406060e-10
  -2.1005413e-10
  -2.1384617e-10
  -2.1555053e-10
  -2.1554884e-10
  -2.1473396e-10
  -2.1206265e-10
  -2.0597790e-10
  -1.9655853e-10
  -1.8340590e-10
  -1.6717946e-10
  -1.4953095e-10
  -1.3061239e-10
  -1.1095060e-10
  -9.1116322e-11
  -7.1153001e-11
  -5.2135787e-11
  -3.5253031e-11
  -1.9721851e-11
  -4.3986474e-12
   1.0916674e-11
   2.7103078e-11
   4.3376961e-11
   5.8078669e-11
   7.1625761e-11
   8.4052833e-11
   9.5277041e-11
   1.0593686e-10
   1.1574557e-10
   1.2437416e-10
   1.3231934e-10
   1.3998962e-10
   1.4767343e-10
   1.5591113e-10
   1.6401671e-10
   1.7081941e-10
   1.7610205e-10
   1.7923842e-10
   1.8029250e-10
   1.7989855e-10
   1.7747602e-10
   1.7258157e-10
   1.6580417e-10
   1.5769537e-10
   1.4872773e-10
   1.3976643e-10
   1.3058976e-10
   1.2062036e-10
   1.1041132e-10
   1.0028402e-10
   9.0224443e-11
   8.0472971e-11
   7.0960168e-11
   6.1474775e-11
   5.2566306e-11
   4.4914980e-11
   3.8701687e-11
   3.4308991e-11
   3.1308582e-11
   2.8778140e-11
   2.6583872e-11
   2.4297780e-11
   2.1785811e-11
   1.9290034e-11
   1.6209612e-11
   1.1958329e-11
   7.0995478e-12
   2.3325174e-12
  -2.0535678e-12
  -5.3583890e-12
  -7.9714553e-12
  -1.0777807e-11
  -1.3401259e-11
  -1.5715705e-11
  -1.7860426e-11
  -1.9630619e-11
  -2.1275055e-11
  -2.3157489e-11
  -2.4967932e-11
  -2.6356981e-11
  -2.7325902e-11
  -2.7700457e-11
  -2.7723054e-11
  -2.7899099e-11
  -2.8255666e-11
  -2.8947026e-11
  -3.0070106e-11
  -3.1530098e-11
  -3.3576461e-11
  -3.6462162e-11
  -3.9874447e-11
  -4.3409369e-11
  -4.6876055e-11
  -4.9876636e-11
  -5.2475713e-11
  -5.4955167e-11
  -5.7002360e-11
  -5.8395602e-11
  -5.9282566e-11
  -5.9747373e-11
  -5.9906353e-11
  -6.0017791e-11
  -5.9836196e-11
  -5.8968682e-11
  -5.7472555e-11
  -5.5282650e-11
  -5.2504961e-11
  -4.9469947e-11
  -4.6170979e-11
  -4.2657884e-11
  -3.9068975e-11
  -3.5447824e-11
  -3.1987530e-11
  -2.8922516e-11
  -2.6079114e-11
  -2.3188434e-11
  -2.0208026e-11
  -1.6956999e-11
  -1.3562205e-11
  -1.0331125e-11
  -7.1547209e-12
  -3.9926555e-12
  -9.1060394e-13
   2.1377023e-12
   5.0670796e-12
   7.7527948e-12
   1.0286793e-11
   1.2778458e-11
   1.5223356e-11
   1.7674951e-11
   2.0033174e-11
   2.2104654e-11
   2.3865010e-11
   2.5241633e-11
   2.6200310e-11
   2.6781173e-11
   2.6886796e-11
   2.6423615e-11
   2.5518254e-11
   2.4333165e-11
   2.2954360e-11
   2.1550712e-11
   2.0107290e-11
   1.8526272e-11
   1.6946744e-11
   1.5473112e-11
   1.4066633e-11
   1.2715794e-11
   1.1397678e-11
   1.0035481e-11
   8.7548215e-12
   7.7420119e-12
   7.0071108e-12
   6.6112786e-12
   6.4814465e-12
   6.4281626e-12
   6.4375547e-12
   6.4469348e-12
   6.4082114e-12
   6.3416804e-12
   6.1278140e-12
   5.6385540e-12
   4.9972662e-12
   4.3718883e-12
   3.8179779e-12
   3.4796930e-12
   3.2832580e-12
   3.0445472e-12
   2.8496926e-12
   2.7356883e-12
   2.6613464e-12
   2.6518368e-12
   2.6503435e-12
   2.5683944e-12
   2.4722678e-12
   2.4453070e-12
   2.4764193e-12
   2.5938630e-12
   2.7526605e-12
   2.8506279e-12
   2.8861788e-12
   2.8362665e-12
   2.6727588e-12
   2.4025287e-12
   1.9760204e-12
   1.3388555e-12
   5.5897225e-13
  -2.6964617e-13
  -1.1079403e-12
  -1.8723374e-12
  -2.5717115e-12
  -3.2628129e-12
  -3.8750293e-12
  -4.3551687e-12
  -4.7385918e-12
  -5.0503125e-12
  -5.3151306e-12
  -5.5912670e-12
  -5.8237524e-12
  -5.9217575e-12
  -5.8997567e-12
  -5.7448574e-12
  -5.4774750e-12
  -5.1681664e-12
  -4.8132759e-12
  -4.4200791e-12
  -4.0196922e-12
  -3.6236561e-12
  -3.2723919e-12
  -3.0164331e-12
  -2.8160224e-12
  -2.6088832e-12
  -2.3848549e-12
  -2.1032084e-12
  -1.7895013e-12
  -1.5094312e-12
  -1.2368830e-12
  -9.6041306e-13
  -6.9289593e-13
  -4.2275645e-13
  -1.6647416e-13
   5.0565496e-14
   2.5107171e-13
   4.6205229e-13
   6.8487108e-13
   9.3379154e-13
   1.1895138e-12
   1.4120752e-12
   1.5990172e-12
   1.7373912e-12
   1.8225830e-12
   1.8664615e-12
   1.8507493e-12
   1.7580557e-12
   1.6095146e-12
   1.4298745e-12
   1.2328186e-12
   1.0460996e-12
   8.6404689e-13
   6.6693511e-13
   4.7503940e-13
   3.0183694e-13
   1.4217172e-13
  -2.4323490e-15
  -1.3665711e-13
  -2.7242747e-13
  -3.9162564e-13
  -4.6886590e-13
  -5.0241213e-13
  -4.8289392e-13
  -4.2211964e-13
  -3.4854257e-13
  -2.6480546e-13
  -1.8110195e-13
  -1.0434736e-13
  -3.1087165e-14
   2.0759292e-14
   3.2341555e-14
   2.0136139e-14
   6.2260909e-15
  -2.3247636e-15
   1.3968041e-14
   4.3455571e-14
   5.9117518e-14
   7.1792595e-14
   8.5239532e-14
   9.5882524e-14
   1.1093942e-13
   1.2390701e-13
   1.2528864e-13
   1.2484149e-13
   1.3317019e-13
   1.5184460e-13
   1.8762443e-13
   2.3282124e-13
   2.7160512e-13
   3.0327855e-13
   3.2262893e-13
   3.2844607e-13
   3.2632924e-13
   3.0910595e-13
   2.7008925e-13
   2.1681117e-13
   1.5747654e-13
   9.6821660e-14
   4.4693457e-14
  -1.9207201e-15
  -5.1173011e-14
  -9.6637499e-14
  -1.3463431e-13
  -1.6732933e-13
  -1.9413305e-13
  -2.1758015e-13
  -2.4258272e-13
  -2.6382391e-13
  -2.7391859e-13
  -2.7313609e-13
  -2.5918780e-13
  -2.3491902e-13
  -2.0775632e-13
  -1.7779999e-13
  -1.4683788e-13
  -1.1707186e-13
  -8.8186270e-14
  -6.4417019e-14
  -5.0513831e-14
  -4.2666002e-14
  -3.5552092e-14
  -2.7857610e-14
  -1.5327226e-14
  -7.0396507e-16
   9.5951791e-15
   1.7980704e-14
   2.5282062e-14
   3.0793091e-14
   3.6431472e-14
   4.0858998e-14
   4.2145904e-14
   4.2615908e-14
   4.4695706e-14
   4.9055145e-14
   5.7546472e-14
   6.8295922e-14
   7.7514419e-14
   8.5047447e-14
   8.9559943e-14
   9.1097900e-14
   9.1484450e-14
   8.9117140e-14
   8.2624888e-14
   7.3468084e-14
   6.2898764e-14
   5.1893917e-14
   4.2434364e-14
   3.3671555e-14
   2.3806857e-14
   1.3879573e-14
   4.2876190e-15
  -5.0173086e-15
  -1.3288706e-14
  -2.0880724e-14
  -2.8369745e-14
  -3.4786594e-14
  -3.9082530e-14
  -4.0973935e-14
  -3.9767823e-14
  -3.6249800e-14
  -3.2019275e-14
  -2.7279707e-14
  -2.2741971e-14
  -1.8621885e-14
  -1.4480366e-14
  -1.1292423e-14
  -9.9989798e-15
  -9.8133396e-15
  -9.8062572e-15
  -9.5993431e-15
  -8.2027731e-15
  -6.2775579e-15
  -5.2061018e-15
  -4.5140795e-15
  -4.1095797e-15
  -4.0619377e-15
  -3.8399544e-15
  -3.7217994e-15
  -4.0640224e-15
  -4.3856704e-15
  -4.2458907e-15
  -3.4552818e-15
  -1.5872666e-15
   9.2475365e-16
   3.2596356e-15
   5.3544901e-15
   6.8709189e-15
   7.8393834e-15
   8.6844717e-15
   9.0381076e-15
   8.5981125e-15
   7.6704724e-15
   6.4984082e-15
   5.2933588e-15
   4.4842414e-15
   3.8614315e-15
   3.0110817e-15
   2.1402182e-15
   1.3093372e-15
   4.8565189e-16
  -1.9020570e-16
  -8.2641319e-16
  -1.5808295e-15
  -2.2719031e-15
  -2.7035506e-15
  -2.8496434e-15
  -2.5957521e-15
  -2.0579639e-15
  -1.4911388e-15
  -9.0039159e-16
  -3.6353305e-16
   8.0398642e-17
   4.9402452e-16
   7.4541316e-16
   7.0024305e-16
   4.8002174e-16
   2.3035633e-16
   8.1029606e-18
  -4.1040878e-17
   2.8925464e-18
  -4.2696842e-17
  -9.8010991e-17
  -1.3448487e-16
  -1.7934437e-16
  -1.8835036e-16
  -2.0955344e-16
  -3.1458828e-16
  -4.3564643e-16
  -4.9608466e-16
  -4.9153495e-16
  -3.8099153e-16
  -2.0171051e-16
  -4.1779616e-17
   1.0583439e-16
   2.2540133e-16
   3.0865242e-16
   3.8448292e-16
   4.1977341e-16
   3.8064660e-16
   2.9877170e-16
   2.0614095e-16
   1.1825764e-16
   7.2593457e-17
   5.1214929e-17
   1.3625800e-17
  -1.9869308e-17
  -4.1499810e-17
  -5.8768680e-17
  -6.4023987e-17
  -6.9599345e-17
  -9.4501682e-17
  -1.2331876e-16
  -1.3744222e-16
  -1.3881203e-16
  -1.2072879e-16
  -8.8885758e-17
  -5.9835649e-17
  -3.0461033e-17
  -8.4342275e-19
   2.4655117e-17
   4.7422967e-17
   6.1316459e-17
   5.8539198e-17
   4.5846881e-17
   3.2258539e-17
   1.9783855e-17
   1.5148745e-17
   1.5174678e-17
   1.1131398e-17
   7.4306771e-18
   6.3169014e-18
   5.6834795e-18
   6.4935207e-18
   6.2644820e-18
   8.6087352e-19
  -6.3586502e-18
  -1.1029914e-17
  -1.3593999e-17
  -1.2589930e-17
  -9.0731344e-18
  -6.5320758e-18
  -4.0835822e-18
  -1.4734428e-18
   6.2823875e-19
   2.8708842e-18
   4.2957758e-18
   3.6266612e-18
   1.8996217e-18
   2.9164245e-19
  -9.6385975e-19
  -9.3471777e-19
  -1.6930439e-19
   9.5110194e-21
   9.6240854e-20
   2.4243472e-19
   2.7858808e-19
   5.6548991e-19
   7.7957738e-19
   4.6573623e-19
  -3.2566142e-20
  -3.9138981e-19
  -6.2205861e-19
  -5.3227923e-19
  -2.5009975e-19
  -1.0337282e-19
   5.5180503e-23
   7.6389647e-20
   9.5645634e-20
   1.6447566e-19
   2.1514009e-19
   1.6357290e-19
   7.3419686e-20
  -1.3990316e-20
  -8.4093952e-20
  -8.1372365e-20
  -3.9406697e-20
  -2.4371794e-20
  -1.4457916e-20
  -8.8368861e-21
  -1.1080863e-20
   3.6149883e-21
   1.9267066e-20
   1.6684592e-20
   8.4398224e-21
   1.1070379e-21
  -5.6862916e-21
  -4.4306718e-21
   6.6216576e-22
   7.8494434e-22
  -9.1961447e-23
  -3.0775141e-22
  -1.1136978e-21
  -3.7962341e-22
   8.2116285e-22
   5.9846301e-22
   8.0851936e-23
  -1.0859336e-22
  -3.0285433e-22
  -1.9511036e-22
   8.2625769e-23
   9.0530483e-23
   2.8018912e-23
   2.0101272e-23
  -1.8889201e-23
  -2.0507117e-23
   4.7507536e-24
   2.3316367e-24
  -7.4328980e-25
   1.4732133e-24
  -4.8686188e-25
  -5.5756122e-25
   3.8808693e-25
   5.5149471e-26
  -9.5731792e-26
   9.6719398e-27
   8.6671324e-27
  -1.9544919e-27
