   2.1480023e-07
   9.5252481e-07
   2.3990253e-06
   4.8310363e-06
   8.3777551e-06
   1.3080647e-05
   1.9242002e-05
   2.7148333e-05
   3.6816057e-05
   4.8250036e-05
   6.1534468e-05
   7.6658143e-05
   9.3919155e-05
   1.1374627e-04
   1.3625074e-04
   1.6162254e-04
   1.8987335e-04
   2.2082604e-04
   2.5457926e-04
   2.9116496e-04
   3.3061873e-04
   3.7307910e-04
   4.1848386e-04
   4.6675362e-04
   5.1823834e-04
   5.7337928e-04
   6.3241401e-04
   6.9573366e-04
   7.6337140e-04
   8.3517266e-04
   9.1144717e-04
   9.9242709e-04
   1.0779967e-03
   1.1680636e-03
   1.2625247e-03
   1.3611354e-03
   1.4640662e-03
   1.5716090e-03
   1.6836379e-03
   1.8001138e-03
   1.9211406e-03
   2.0467376e-03
   2.1770245e-03
   2.3121815e-03
   2.4520805e-03
   2.5965299e-03
   2.7455555e-03
   2.8991016e-03
   3.0575034e-03
   3.2213306e-03
   3.3907913e-03
   3.5662402e-03
   3.7478723e-03
   3.9357025e-03
   4.1301680e-03
   4.3316967e-03
   4.5401470e-03
   4.7553104e-03
   4.9771823e-03
   5.2055542e-03
   5.4407689e-03
   5.6834196e-03
   5.9334668e-03
   6.1909991e-03
   6.4559677e-03
   6.7280339e-03
   7.0072449e-03
   7.2935920e-03
   7.5869159e-03
   7.8871500e-03
   8.1940762e-03
   8.5074095e-03
   8.8274205e-03
   9.1545292e-03
   9.4888152e-03
   9.8305455e-03
   1.0179567e-02
   1.0535467e-02
   1.0898409e-02
   1.1268465e-02
   1.1645635e-02
   1.2030114e-02
   1.2421858e-02
   1.2820805e-02
   1.3227130e-02
   1.3640992e-02
   1.4062495e-02
   1.4491814e-02
   1.4928781e-02
   1.5373080e-02
   1.5824672e-02
   1.6283397e-02
   1.6749288e-02
   1.7222533e-02
   1.7702978e-02
   1.8190503e-02
   1.8685526e-02
   1.9188558e-02
   1.9699944e-02
   2.0220241e-02
   2.0749531e-02
   2.1287686e-02
   2.1835198e-02
   2.2392471e-02
   2.2959507e-02
   2.3536365e-02
   2.4123102e-02
   2.4719624e-02
   2.5326401e-02
   2.5944085e-02
   2.6572824e-02
   2.7212910e-02
   2.7864196e-02
   2.8526175e-02
   2.9198875e-02
   2.9882162e-02
   3.0575990e-02
   3.1280535e-02
   3.1995498e-02
   3.2720561e-02
   3.3456223e-02
   3.4203121e-02
   3.4961539e-02
   3.5732054e-02
   3.6514516e-02
   3.7308415e-02
   3.8114131e-02
   3.8931879e-02
   3.9760473e-02
   4.0598450e-02
   4.1444726e-02
   4.2297626e-02
   4.3156776e-02
   4.4022322e-02
   4.4892711e-02
   4.5766600e-02
   4.6643851e-02
   4.7524197e-02
   4.8407280e-02
   4.9293179e-02
   5.0180306e-02
   5.1066488e-02
   5.1951063e-02
   5.2832932e-02
   5.3712370e-02
   5.4590751e-02
   5.5467789e-02
   5.6343703e-02
   5.7218381e-02
   5.8090992e-02
   5.8962220e-02
   5.9832783e-02
   6.0700788e-02
   6.1563889e-02
   6.2420834e-02
   6.3269434e-02
   6.4109810e-02
   6.4943212e-02
   6.5768040e-02
   6.6583202e-02
   6.7389342e-02
   6.8186798e-02
   6.8976231e-02
   6.9759018e-02
   7.0534238e-02
   7.1300394e-02
   7.2058109e-02
   7.2807509e-02
   7.3548285e-02
   7.4280663e-02
   7.5004144e-02
   7.5718016e-02
   7.6422969e-02
   7.7119885e-02
   7.7808822e-02
   7.8490219e-02
   7.9162347e-02
   7.9822322e-02
   8.0469078e-02
   8.1100738e-02
   8.1716451e-02
   8.2316335e-02
   8.2898173e-02
   8.3459844e-02
   8.4002131e-02
   8.4526099e-02
   8.5031864e-02
   8.5520588e-02
   8.5990535e-02
   8.6438696e-02
   8.6865315e-02
   8.7269960e-02
   8.7653212e-02
   8.8017268e-02
   8.8362155e-02
   8.8688304e-02
   8.8996732e-02
   8.9287847e-02
   8.9563189e-02
   8.9824613e-02
   9.0070775e-02
   9.0299553e-02
   9.0510664e-02
   9.0702740e-02
   9.0876960e-02
   9.1036003e-02
   9.1179172e-02
   9.1306359e-02
   9.1417621e-02
   9.1511809e-02
   9.1589303e-02
   9.1650525e-02
   9.1694648e-02
   9.1721027e-02
   9.1729103e-02
   9.1717926e-02
   9.1688789e-02
   9.1643840e-02
   9.1583581e-02
   9.1509284e-02
   9.1420868e-02
   9.1317222e-02
   9.1199516e-02
   9.1068655e-02
   9.0922435e-02
   9.0758204e-02
   9.0574136e-02
   9.0367173e-02
   9.0137144e-02
   8.9885050e-02
   8.9608306e-02
   8.9304862e-02
   8.8974853e-02
   8.8618020e-02
   8.8234239e-02
   8.7824209e-02
   8.7385445e-02
   8.6914479e-02
   8.6410611e-02
   8.5872329e-02
   8.5300770e-02
   8.4699136e-02
   8.4067530e-02
   8.3407041e-02
   8.2718132e-02
   8.1999944e-02
   8.1254483e-02
   8.0483832e-02
   7.9685344e-02
   7.8855597e-02
   7.7993162e-02
   7.7094927e-02
   7.6162033e-02
   7.5197703e-02
   7.4199999e-02
   7.3167946e-02
   7.2104345e-02
   7.1011735e-02
   6.9892939e-02
   6.8752361e-02
   6.7589852e-02
   6.6403996e-02
   6.5198002e-02
   6.3974156e-02
   6.2733221e-02
   6.1476922e-02
   6.0205934e-02
   5.8920306e-02
   5.7623547e-02
   5.6319918e-02
   5.5011316e-02
   5.3700585e-02
   5.2386174e-02
   5.1063929e-02
   4.9733821e-02
   4.8394192e-02
   4.7045282e-02
   4.5689419e-02
   4.4324169e-02
   4.2947253e-02
   4.1562919e-02
   4.0176223e-02
   3.8789954e-02
   3.7409275e-02
   3.6033115e-02
   3.4657602e-02
   3.3286119e-02
   3.1920641e-02
   3.0560035e-02
   2.9204468e-02
   2.7852454e-02
   2.6501194e-02
   2.5152906e-02
   2.3810730e-02
   2.2473853e-02
   2.1142620e-02
   1.9817045e-02
   1.8495747e-02
   1.7179535e-02
   1.5869235e-02
   1.4563707e-02
   1.3261962e-02
   1.1963454e-02
   1.0667058e-02
   9.3764113e-03
   8.0971879e-03
   6.8317183e-03
   5.5841155e-03
   4.3557488e-03
   3.1459432e-03
   1.9591494e-03
   7.9945007e-04
  -3.3455799e-04
  -1.4445701e-03
  -2.5308505e-03
  -3.5956581e-03
  -4.6354350e-03
  -5.6442466e-03
  -6.6223987e-03
  -7.5688243e-03
  -8.4856240e-03
  -9.3784966e-03
  -1.0248225e-02
  -1.1096855e-02
  -1.1926777e-02
  -1.2738718e-02
  -1.3536945e-02
  -1.4326244e-02
  -1.5103881e-02
  -1.5865588e-02
  -1.6610988e-02
  -1.7337128e-02
  -1.8047494e-02
  -1.8749084e-02
  -1.9440824e-02
  -2.0123160e-02
  -2.0796106e-02
  -2.1456484e-02
  -2.2105321e-02
  -2.2743453e-02
  -2.3369211e-02
  -2.3981716e-02
  -2.4579434e-02
  -2.5159973e-02
  -2.5727149e-02
  -2.6286846e-02
  -2.6840833e-02
  -2.7393029e-02
  -2.7943210e-02
  -2.8488332e-02
  -2.9031767e-02
  -2.9576042e-02
  -3.0116298e-02
  -3.0646976e-02
  -3.1163985e-02
  -3.1660294e-02
  -3.2136142e-02
  -3.2594491e-02
  -3.3029742e-02
  -3.3437691e-02
  -3.3818775e-02
  -3.4172289e-02
  -3.4498274e-02
  -3.4798554e-02
  -3.5067679e-02
  -3.5298114e-02
  -3.5488383e-02
  -3.5635129e-02
  -3.5741653e-02
  -3.5816100e-02
  -3.5859270e-02
  -3.5874438e-02
  -3.5862999e-02
  -3.5823094e-02
  -3.5760037e-02
  -3.5679236e-02
  -3.5574838e-02
  -3.5439271e-02
  -3.5269524e-02
  -3.5058573e-02
  -3.4809688e-02
  -3.4531089e-02
  -3.4218654e-02
  -3.3870608e-02
  -3.3490483e-02
  -3.3079579e-02
  -3.2642023e-02
  -3.2184170e-02
  -3.1704009e-02
  -3.1198037e-02
  -3.0669328e-02
  -3.0119034e-02
  -2.9549262e-02
  -2.8964617e-02
  -2.8365853e-02
  -2.7753871e-02
  -2.7132580e-02
  -2.6505484e-02
  -2.5875826e-02
  -2.5247786e-02
  -2.4617995e-02
  -2.3980047e-02
  -2.3332751e-02
  -2.2672142e-02
  -2.1998784e-02
  -2.1316522e-02
  -2.0621137e-02
  -1.9909094e-02
  -1.9185279e-02
  -1.8454975e-02
  -1.7721484e-02
  -1.6991213e-02
  -1.6261635e-02
  -1.5526676e-02
  -1.4789850e-02
  -1.4052604e-02
  -1.3314693e-02
  -1.2578556e-02
  -1.1842906e-02
  -1.1105647e-02
  -1.0369814e-02
  -9.6386502e-03
  -8.9128293e-03
  -8.1943567e-03
  -7.4821688e-03
  -6.7732886e-03
  -6.0682672e-03
  -5.3667339e-03
  -4.6686428e-03
  -3.9753234e-03
  -3.2856661e-03
  -2.5985099e-03
  -1.9176409e-03
  -1.2478892e-03
  -5.9201319e-04
   4.5379158e-05
   6.6357722e-04
   1.2637982e-03
   1.8419479e-03
   2.3946499e-03
   2.9223203e-03
   3.4249903e-03
   3.9025825e-03
   4.3564478e-03
   4.7830640e-03
   5.1773177e-03
   5.5386595e-03
   5.8653521e-03
   6.1610573e-03
   6.4333330e-03
   6.6842472e-03
   6.9180134e-03
   7.1371318e-03
   7.3416175e-03
   7.5375634e-03
   7.7311984e-03
   7.9197543e-03
   8.0992347e-03
   8.2694005e-03
   8.4268815e-03
   8.5769536e-03
   8.7290737e-03
   8.8827423e-03
   9.0395528e-03
   9.1988781e-03
   9.3555077e-03
   9.5105532e-03
   9.6642792e-03
   9.8148601e-03
   9.9621622e-03
   1.0103481e-02
   1.0235205e-02
   1.0363126e-02
   1.0495625e-02
   1.0635642e-02
   1.0789404e-02
   1.0956148e-02
   1.1130903e-02
   1.1318590e-02
   1.1522647e-02
   1.1737471e-02
   1.1957325e-02
   1.2177265e-02
   1.2388718e-02
   1.2592855e-02
   1.2794067e-02
   1.2986154e-02
   1.3164873e-02
   1.3330561e-02
   1.3481727e-02
   1.3618668e-02
   1.3743501e-02
   1.3850017e-02
   1.3929958e-02
   1.3981435e-02
   1.4000371e-02
   1.3991572e-02
   1.3965676e-02
   1.3924346e-02
   1.3872547e-02
   1.3812124e-02
   1.3740700e-02
   1.3665453e-02
   1.3593493e-02
   1.3518053e-02
   1.3430492e-02
   1.3327429e-02
   1.3200521e-02
   1.3054446e-02
   1.2899950e-02
   1.2732488e-02
   1.2550495e-02
   1.2356236e-02
   1.2148044e-02
   1.1929378e-02
   1.1705332e-02
   1.1472457e-02
   1.1226581e-02
   1.0968450e-02
   1.0696637e-02
   1.0414199e-02
   1.0127407e-02
   9.8368469e-03
   9.5444493e-03
   9.2521245e-03
   8.9597193e-03
   8.6706076e-03
   8.3883807e-03
   8.1092902e-03
   7.8280514e-03
   7.5426055e-03
   7.2482051e-03
   6.9457950e-03
   6.6392183e-03
   6.3245711e-03
   5.9990307e-03
   5.6652477e-03
   5.3252889e-03
   4.9811762e-03
   4.6370106e-03
   4.2899228e-03
   3.9348248e-03
   3.5731699e-03
   3.2047375e-03
   2.8310817e-03
   2.4567505e-03
   2.0818833e-03
   1.7071859e-03
   1.3350600e-03
   9.6683267e-04
   6.0527754e-04
   2.5383345e-04
  -8.9300445e-05
  -4.2730208e-04
  -7.6019232e-04
  -1.0897515e-03
  -1.4140358e-03
  -1.7287612e-03
  -2.0349197e-03
  -2.3326810e-03
  -2.6204107e-03
  -2.8977134e-03
  -3.1628214e-03
  -3.4132931e-03
  -3.6496947e-03
  -3.8729968e-03
  -4.0822463e-03
  -4.2772569e-03
  -4.4563515e-03
  -4.6166724e-03
  -4.7573981e-03
  -4.8772573e-03
  -4.9749549e-03
  -5.0499349e-03
  -5.1004160e-03
  -5.1245394e-03
  -5.1258151e-03
  -5.1095083e-03
  -5.0781725e-03
  -5.0364902e-03
  -4.9852467e-03
  -4.9230833e-03
  -4.8547439e-03
  -4.7843990e-03
  -4.7108617e-03
  -4.6330325e-03
  -4.5508365e-03
  -4.4622668e-03
  -4.3717414e-03
  -4.2861392e-03
  -4.2060067e-03
  -4.1335057e-03
  -4.0671368e-03
  -4.0016212e-03
  -3.9372150e-03
  -3.8728157e-03
  -3.8073262e-03
  -3.7416810e-03
  -3.6728240e-03
  -3.5973260e-03
  -3.5200708e-03
  -3.4476530e-03
  -3.3827022e-03
  -3.3307929e-03
  -3.2905378e-03
  -3.2568898e-03
  -3.2337447e-03
  -3.2234644e-03
  -3.2226766e-03
  -3.2288682e-03
  -3.2387049e-03
  -3.2465167e-03
  -3.2539137e-03
  -3.2644049e-03
  -3.2746250e-03
  -3.2827791e-03
  -3.2885382e-03
  -3.2898548e-03
  -3.2869507e-03
  -3.2807347e-03
  -3.2675759e-03
  -3.2431925e-03
  -3.2059824e-03
  -3.1531011e-03
  -3.0883200e-03
  -3.0189892e-03
  -2.9467681e-03
  -2.8757741e-03
  -2.8070620e-03
  -2.7386860e-03
  -2.6757952e-03
  -2.6232498e-03
  -2.5769597e-03
  -2.5319343e-03
  -2.4861092e-03
  -2.4341910e-03
  -2.3797283e-03
  -2.3301511e-03
  -2.2828988e-03
  -2.2374569e-03
  -2.1941383e-03
  -2.1500011e-03
  -2.1064785e-03
  -2.0654051e-03
  -2.0240995e-03
  -1.9800949e-03
  -1.9322438e-03
  -1.8781074e-03
  -1.8200698e-03
  -1.7626674e-03
  -1.7062281e-03
  -1.6526327e-03
  -1.6016142e-03
  -1.5506837e-03
  -1.5018466e-03
  -1.4567175e-03
  -1.4131540e-03
  -1.3692290e-03
  -1.3233573e-03
  -1.2725823e-03
  -1.2177971e-03
  -1.1611785e-03
  -1.1009841e-03
  -1.0363247e-03
  -9.6724371e-04
  -8.9281516e-04
  -8.1340269e-04
  -7.2979280e-04
  -6.4037097e-04
  -5.4323797e-04
  -4.3793886e-04
  -3.2339401e-04
  -2.0162719e-04
  -7.6397052e-05
   5.1247987e-05
   1.7910288e-04
   3.0624001e-04
   4.3309250e-04
   5.5683345e-04
   6.7471177e-04
   7.8800607e-04
   8.9835669e-04
   1.0060291e-03
   1.1127089e-03
   1.2160601e-03
   1.3119530e-03
   1.4007154e-03
   1.4817098e-03
   1.5552821e-03
   1.6238074e-03
   1.6868461e-03
   1.7443232e-03
   1.7971811e-03
   1.8456416e-03
   1.8909877e-03
   1.9349282e-03
   1.9751939e-03
   2.0084223e-03
   2.0336024e-03
   2.0483492e-03
   2.0532035e-03
   2.0504984e-03
   2.0384230e-03
   2.0157976e-03
   1.9844658e-03
   1.9459959e-03
   1.9020836e-03
   1.8556266e-03
   1.8059985e-03
   1.7515597e-03
   1.6941646e-03
   1.6349192e-03
   1.5740253e-03
   1.5125101e-03
   1.4503726e-03
   1.3872179e-03
   1.3250118e-03
   1.2661115e-03
   1.2113971e-03
   1.1623904e-03
   1.1176273e-03
   1.0739410e-03
   1.0308889e-03
   9.8693272e-04
   9.4180590e-04
   8.9662227e-04
   8.4932515e-04
   7.9796413e-04
   7.4475567e-04
   6.9237926e-04
   6.4210436e-04
   5.9670406e-04
   5.5492380e-04
   5.1371677e-04
   4.7465579e-04
   4.3839199e-04
   4.0416456e-04
   3.7227759e-04
   3.4162829e-04
   3.1050436e-04
   2.7998945e-04
   2.5150310e-04
   2.2462264e-04
   1.9960823e-04
   1.7579062e-04
   1.5157152e-04
   1.2693361e-04
   1.0160870e-04
   7.4865478e-05
   4.6392491e-05
   1.5322137e-05
  -1.9393071e-05
  -5.6257694e-05
  -9.2989127e-05
  -1.2872735e-04
  -1.6167062e-04
  -1.9176291e-04
  -2.1999412e-04
  -2.4464032e-04
  -2.6427195e-04
  -2.7984496e-04
  -2.9228213e-04
  -3.0214129e-04
  -3.1086524e-04
  -3.1715090e-04
  -3.1869044e-04
  -3.1595084e-04
  -3.0874648e-04
  -2.9757262e-04
  -2.8418897e-04
  -2.6856063e-04
  -2.5088829e-04
  -2.3207739e-04
  -2.1260010e-04
  -1.9354722e-04
  -1.7629587e-04
  -1.5992654e-04
  -1.4290509e-04
  -1.2509473e-04
  -1.0558527e-04
  -8.5133540e-05
  -6.5542160e-05
  -4.6268687e-05
  -2.7143269e-05
  -8.5927954e-06
   9.5940059e-06
   2.6889211e-05
   4.2547771e-05
   5.7017558e-05
   7.0834955e-05
   8.3926619e-05
   9.6539974e-05
   1.0797605e-04
   1.1698676e-04
   1.2330969e-04
   1.2637720e-04
   1.2591289e-04
   1.2209497e-04
   1.1422494e-04
   1.0163984e-04
   8.5347589e-05
   6.6706274e-05
   4.6437949e-05
   2.5910710e-05
   5.1163010e-06
  -1.6597405e-05
  -3.8023757e-05
  -5.8200487e-05
  -7.7455571e-05
  -9.5966797e-05
  -1.1387091e-04
  -1.3178363e-04
  -1.4860112e-04
  -1.6265025e-04
  -1.7382994e-04
  -1.8160575e-04
  -1.8660455e-04
  -1.9048596e-04
  -1.9337535e-04
  -1.9582787e-04
  -1.9826607e-04
  -2.0051263e-04
  -2.0363099e-04
  -2.0876167e-04
  -2.1477058e-04
  -2.2010916e-04
  -2.2425592e-04
  -2.2588592e-04
  -2.2564877e-04
  -2.2519804e-04
  -2.2373090e-04
  -2.2088927e-04
  -2.1710701e-04
  -2.1224941e-04
  -2.0687931e-04
  -2.0188091e-04
  -1.9667567e-04
  -1.9049594e-04
  -1.8352979e-04
  -1.7560088e-04
  -1.6710385e-04
  -1.5895155e-04
  -1.5116679e-04
  -1.4393394e-04
  -1.3759336e-04
  -1.3221204e-04
  -1.2825910e-04
  -1.2627540e-04
  -1.2560881e-04
  -1.2529660e-04
  -1.2498237e-04
  -1.2387404e-04
  -1.2203348e-04
  -1.2000122e-04
  -1.1706794e-04
  -1.1267802e-04
  -1.0725195e-04
  -1.0114835e-04
  -9.4647082e-05
  -8.8392839e-05
  -8.1851636e-05
  -7.4087733e-05
  -6.5309572e-05
  -5.5443377e-05
  -4.4657582e-05
  -3.3619622e-05
  -2.2270120e-05
  -1.0624676e-05
   9.7206346e-07
   1.2338218e-05
   2.3102788e-05
   3.2774633e-05
   4.1725817e-05
   5.0572308e-05
   5.9388186e-05
   6.8537096e-05
   7.7792509e-05
   8.6542110e-05
   9.5037653e-05
   1.0340284e-04
   1.1144491e-04
   1.1916726e-04
   1.2636688e-04
   1.3272451e-04
   1.3842530e-04
   1.4373131e-04
   1.4857095e-04
   1.5300146e-04
   1.5685455e-04
   1.5976938e-04
   1.6171786e-04
   1.6260593e-04
   1.6231903e-04
   1.6085877e-04
   1.5804599e-04
   1.5368618e-04
   1.4807134e-04
   1.4161764e-04
   1.3451414e-04
   1.2713301e-04
   1.1948848e-04
   1.1140537e-04
   1.0322945e-04
   9.5245433e-05
   8.7349660e-05
   7.9472225e-05
   7.1574238e-05
   6.3474513e-05
   5.5481957e-05
   4.8074164e-05
   4.1268630e-05
   3.5205279e-05
   2.9759268e-05
   2.4534490e-05
   1.9536746e-05
   1.4675650e-05
   9.8507595e-06
   5.1053772e-06
   2.0537214e-07
  -5.1123907e-06
  -1.0536865e-05
  -1.5640846e-05
  -2.0273045e-05
  -2.4080333e-05
  -2.7187544e-05
  -2.9972166e-05
  -3.2199040e-05
  -3.3739166e-05
  -3.4759737e-05
  -3.5327256e-05
  -3.5621564e-05
  -3.5942170e-05
  -3.6158625e-05
  -3.6051802e-05
  -3.5755228e-05
  -3.5303314e-05
  -3.4754119e-05
  -3.4289581e-05
  -3.3901656e-05
  -3.3579852e-05
  -3.3484832e-05
  -3.3763643e-05
  -3.4525499e-05
  -3.5930034e-05
  -3.7773548e-05
  -3.9697593e-05
  -4.1604969e-05
  -4.3264862e-05
  -4.4650783e-05
  -4.5893196e-05
  -4.6738152e-05
  -4.6960081e-05
  -4.6743292e-05
  -4.6293229e-05
  -4.5711520e-05
  -4.5249228e-05
  -4.4726454e-05
  -4.3788616e-05
  -4.2544868e-05
  -4.1003548e-05
  -3.9176713e-05
  -3.7243295e-05
  -3.5151194e-05
  -3.2844861e-05
  -3.0454942e-05
  -2.8084991e-05
  -2.5819911e-05
  -2.3801151e-05
  -2.1907962e-05
  -1.9920246e-05
  -1.7820647e-05
  -1.5506039e-05
  -1.3015853e-05
  -1.0509031e-05
  -7.8927913e-06
  -5.1029831e-06
  -2.2348243e-06
   6.4799406e-07
   3.4664597e-06
   6.0832435e-06
   8.5467015e-06
   1.0955506e-05
   1.3241759e-05
   1.5380785e-05
   1.7348620e-05
   1.9066008e-05
   2.0536636e-05
   2.1769043e-05
   2.2693091e-05
   2.3244274e-05
   2.3380616e-05
   2.3038285e-05
   2.2310261e-05
   2.1358693e-05
   2.0232735e-05
   1.9039961e-05
   1.7803958e-05
   1.6482285e-05
   1.5197984e-05
   1.4063998e-05
   1.3020143e-05
   1.1999101e-05
   1.0979668e-05
   9.8788378e-06
   8.7985294e-06
   7.9167971e-06
   7.2165953e-06
   6.7256774e-06
   6.4092865e-06
   6.1364714e-06
   5.9123573e-06
   5.7190346e-06
   5.5049928e-06
   5.2581964e-06
   4.9003012e-06
   4.3358969e-06
   3.6622151e-06
   3.0243415e-06
   2.4606114e-06
   2.0761347e-06
   1.8274832e-06
   1.5848377e-06
   1.4206815e-06
   1.3749163e-06
   1.4018529e-06
   1.4954810e-06
   1.6067911e-06
   1.6535157e-06
   1.6839691e-06
   1.7703108e-06
   1.8872283e-06
   2.0410868e-06
   2.2075326e-06
   2.3190155e-06
   2.3789292e-06
   2.3832723e-06
   2.2976505e-06
   2.1038622e-06
   1.7683769e-06
   1.2476515e-06
   5.9740553e-07
  -9.4405320e-08
  -7.9917283e-07
  -1.4522626e-06
  -2.0525347e-06
  -2.6395856e-06
  -3.1501440e-06
  -3.5314655e-06
  -3.8210346e-06
  -4.0546907e-06
  -4.2543501e-06
  -4.4751366e-06
  -4.6695783e-06
  -4.7526323e-06
  -4.7427992e-06
  -4.6341618e-06
  -4.4387752e-06
  -4.2126299e-06
  -3.9488955e-06
  -3.6463602e-06
  -3.3350059e-06
  -3.0315566e-06
  -2.7668791e-06
  -2.5829636e-06
  -2.4457604e-06
  -2.2988314e-06
  -2.1347562e-06
  -1.9206379e-06
  -1.6748091e-06
  -1.4498563e-06
  -1.2222146e-06
  -9.7940277e-07
  -7.3549390e-07
  -4.8660057e-07
  -2.4769466e-07
  -4.3345708e-08
   1.4517718e-07
   3.4279465e-07
   5.4696691e-07
   7.6639195e-07
   9.8744249e-07
   1.1792434e-06
   1.3411153e-06
   1.4656734e-06
   1.5464236e-06
   1.5883173e-06
   1.5774183e-06
   1.4990973e-06
   1.3712964e-06
   1.2173626e-06
   1.0480250e-06
   8.8583451e-07
   7.2774204e-07
   5.5843821e-07
   3.9611513e-07
   2.5401341e-07
   1.2603579e-07
   1.0358685e-08
  -9.7291955e-08
  -2.0848291e-07
  -3.0748750e-07
  -3.7081146e-07
  -3.9836481e-07
  -3.8322820e-07
  -3.3440714e-07
  -2.7548825e-07
  -2.0794107e-07
  -1.3891040e-07
  -7.5155469e-08
  -1.5280832e-08
   2.6064505e-08
   3.2869547e-08
   1.9205749e-08
   4.6379052e-09
  -5.1607655e-09
   5.9952003e-09
   2.8762282e-08
   4.0607968e-08
   5.0971137e-08
   6.3527647e-08
   7.4752906e-08
   8.9892314e-08
   1.0332290e-07
   1.0656466e-07
   1.0787560e-07
   1.1663238e-07
   1.3368352e-07
   1.6434027e-07
   2.0244220e-07
   2.3490598e-07
   2.6134787e-07
   2.7783315e-07
   2.8301330e-07
   2.8101515e-07
   2.6596353e-07
   2.3220582e-07
   1.8612790e-07
   1.3496840e-07
   8.2624721e-08
   3.7307651e-08
  -3.3195370e-09
  -4.5988206e-08
  -8.5144839e-08
  -1.1746203e-07
  -1.4494835e-07
  -1.6743242e-07
  -1.8707136e-07
  -2.0815771e-07
  -2.2614187e-07
  -2.3455011e-07
  -2.3374104e-07
  -2.2187213e-07
  -2.0127402e-07
  -1.7822349e-07
  -1.5274771e-07
  -1.2624400e-07
  -1.0067810e-07
  -7.5932747e-08
  -5.5580193e-08
  -4.3683300e-08
  -3.6987280e-08
  -3.0877732e-08
  -2.4269162e-08
  -1.3567632e-08
  -1.0777549e-09
   7.7424342e-09
   1.4962503e-08
   2.1322740e-08
   2.6192932e-08
   3.1162183e-08
   3.5089354e-08
   3.6311370e-08
   3.6813772e-08
   3.8692803e-08
   4.2502155e-08
   4.9808010e-08
   5.9021669e-08
   6.6912774e-08
   7.3355867e-08
   7.7226303e-08
   7.8551568e-08
   7.8869185e-08
   7.6815277e-08
   7.1217037e-08
   6.3324749e-08
   5.4220896e-08
   4.4737806e-08
   3.6566431e-08
   2.8988460e-08
   2.0470794e-08
   1.1907253e-08
   3.6462786e-09
  -4.3577810e-09
  -1.1475038e-08
  -1.8007268e-08
  -2.4450135e-08
  -2.9971117e-08
  -3.3664098e-08
  -3.5288364e-08
  -3.4251687e-08
  -3.1227016e-08
  -2.7587971e-08
  -2.3508967e-08
  -1.9598961e-08
  -1.6046006e-08
  -1.2476825e-08
  -9.7296349e-09
  -8.6145937e-09
  -8.4545006e-09
  -8.4473019e-09
  -8.2681984e-09
  -7.0660571e-09
  -5.4091188e-09
  -4.4872805e-09
  -3.8918879e-09
  -3.5430117e-09
  -3.5008832e-09
  -3.3090529e-09
  -3.2068507e-09
  -3.5014320e-09
  -3.7785032e-09
  -3.6578004e-09
  -2.9763867e-09
  -1.3670273e-09
   7.9708518e-10
   2.8085787e-09
   4.6133210e-09
   5.9199470e-09
   6.7545750e-09
   7.4827943e-09
   7.7875390e-09
   7.4084431e-09
   6.6091428e-09
   5.5993017e-09
   4.5610428e-09
   3.8638651e-09
   3.3271957e-09
   2.5944724e-09
   1.8440756e-09
   1.1281603e-09
   4.1845958e-10
  -1.6388582e-10
  -7.1207094e-10
  -1.3621069e-09
  -1.9575666e-09
  -2.3294885e-09
  -2.4553633e-09
  -2.2366014e-09
  -1.7732236e-09
  -1.2848251e-09
  -7.7581448e-10
  -3.1323533e-10
   6.9274994e-11
   4.2567159e-10
   6.4227783e-10
   6.0335744e-10
   4.1360582e-10
   1.9848413e-10
   6.9818524e-12
  -3.5362449e-11
   2.4923306e-12
  -3.6789297e-11
  -8.4450183e-11
  -1.1587753e-10
  -1.5453027e-10
  -1.6229019e-10
  -1.8055961e-10
  -2.7106182e-10
  -3.7537035e-10
  -4.2744634e-10
  -4.2352613e-10
  -3.2827750e-10
  -1.7380183e-10
  -3.5998984e-11
   9.1191132e-11
   1.9421478e-10
   2.6594725e-10
   3.3128583e-10
   3.6169352e-10
   3.2798030e-10
   2.5743362e-10
   1.7761927e-10
   1.0189550e-10
   6.2549419e-11
   4.4128827e-11
   1.1740533e-11
  -1.7120189e-11
  -3.5757892e-11
  -5.0637440e-11
  -5.5165623e-11
  -5.9969573e-11
  -8.1426420e-11
  -1.0625636e-10
  -1.1842571e-10
  -1.1960598e-10
  -1.0402474e-10
  -7.6587517e-11
  -5.1556783e-11
  -2.6246441e-11
  -7.2672670e-13
   2.1243833e-11
   4.0861521e-11
   5.2832708e-11
   5.0439709e-11
   3.9503502e-11
   2.7795245e-11
   1.7046559e-11
   1.3052764e-11
   1.3075108e-11
   9.5912569e-12
   6.4025679e-12
   5.4428944e-12
   4.8971127e-12
   5.5950766e-12
   5.3977277e-12
   7.4176298e-13
  -5.4788668e-12
  -9.5038139e-12
  -1.1713132e-11
  -1.0847986e-11
  -7.8177746e-12
  -5.6282972e-12
  -3.5185774e-12
  -1.2695771e-12
   5.4131557e-13
   2.4736684e-12
   3.7014119e-12
   3.1248761e-12
   1.6367899e-12
   2.5129077e-13
  -8.3050002e-13
  -8.0539013e-13
  -1.4587942e-13
   8.1950739e-15
   8.2924961e-14
   2.0889143e-13
   2.4004260e-13
   4.8724867e-13
   6.7171498e-13
   4.0129692e-13
  -2.8060288e-14
  -3.3723708e-13
  -5.3599052e-13
  -4.5863303e-13
  -2.1549592e-13
  -8.9070143e-14
   4.7545724e-17
   6.5820368e-14
   8.2412095e-14
   1.4171879e-13
   1.8537328e-13
   1.4094094e-13
   6.3261331e-14
  -1.2054614e-14
  -7.2458705e-14
  -7.0113677e-14
  -3.3954382e-14
  -2.0999711e-14
  -1.2457517e-14
  -7.6142137e-15
  -9.5477140e-15
   3.1148182e-15
   1.6601273e-14
   1.4376110e-14
   7.2720878e-15
   9.5386806e-16
  -4.8995358e-15
  -3.8176436e-15
   5.7054844e-16
   6.7633937e-16
  -7.9237653e-17
  -2.6517089e-16
  -9.5960644e-16
  -3.2709868e-16
   7.0754668e-16
   5.1565961e-16
   6.9665255e-17
  -9.3568376e-17
  -2.6095138e-16
  -1.6811487e-16
   7.1193660e-17
   7.8004677e-17
   2.4142212e-17
   1.7320058e-17
  -1.6275689e-17
  -1.7669751e-17
   4.0934389e-18
   2.0090313e-18
  -6.4044815e-19
   1.2693794e-18
  -4.1949962e-19
  -4.8041699e-19
   3.3439118e-19
   4.7518985e-20
  -8.2486332e-20
   8.3337293e-21
   7.4679471e-21
  -1.6840682e-21
