   1.7265043e-05
   7.6561287e-05
   1.9282696e-04
   3.8830522e-04
   6.7338059e-04
   1.0513859e-03
   1.5466185e-03
   2.1821073e-03
   2.9591719e-03
   3.8782033e-03
   4.9459689e-03
   6.1615677e-03
   7.5489597e-03
   9.1426082e-03
   1.0951454e-02
   1.2990769e-02
   1.5261490e-02
   1.7749381e-02
   2.0462370e-02
   2.3403027e-02
   2.6574211e-02
   2.9987057e-02
   3.3636566e-02
   3.7516354e-02
   4.1654552e-02
   4.6086628e-02
   5.0831674e-02
   5.5921131e-02
   6.1357664e-02
   6.7128849e-02
   7.3259581e-02
   7.9768522e-02
   8.6569810e-02
   9.3546187e-02
   1.0062313e-01
   1.0768234e-01
   1.1469147e-01
   1.2165921e-01
   1.2846769e-01
   1.3501164e-01
   1.4129357e-01
   1.4731329e-01
   1.5305041e-01
   1.5852342e-01
   1.6361577e-01
   1.6815922e-01
   1.7211622e-01
   1.7541454e-01
   1.7807700e-01
   1.8021250e-01
   1.8180261e-01
   1.8286446e-01
   1.8340102e-01
   1.8336414e-01
   1.8281110e-01
   1.8180462e-01
   1.8020856e-01
   1.7784890e-01
   1.7464058e-01
   1.7042745e-01
   1.6522522e-01
   1.5913666e-01
   1.5204822e-01
   1.4388426e-01
   1.3482877e-01
   1.2509792e-01
   1.1485912e-01
   1.0438782e-01
   9.3698709e-02
   8.2710657e-02
   7.1657483e-02
   6.0725857e-02
   4.9911675e-02
   3.9245176e-02
   2.8747569e-02
   1.8368431e-02
   8.3447116e-03
  -9.9577499e-04
  -9.5729523e-03
  -1.7231603e-02
  -2.4083132e-02
  -3.0435999e-02
  -3.6300343e-02
  -4.1785927e-02
  -4.6923870e-02
  -5.1612079e-02
  -5.6040445e-02
  -6.0401670e-02
  -6.4419869e-02
  -6.7744688e-02
  -7.0215548e-02
  -7.1503710e-02
  -7.1706269e-02
  -7.1124895e-02
  -6.9546507e-02
  -6.6853751e-02
  -6.3258325e-02
  -5.8925096e-02
  -5.4072374e-02
  -4.9055880e-02
  -4.3806557e-02
  -3.8146804e-02
  -3.2303948e-02
  -2.6415582e-02
  -2.0521054e-02
  -1.4756400e-02
  -9.1356146e-03
  -3.6287398e-03
   1.5140475e-03
   5.9951340e-03
   9.6899390e-03
   1.2396641e-02
   1.4321679e-02
   1.5895894e-02
   1.7194168e-02
   1.8443310e-02
   1.9680027e-02
   2.0753317e-02
   2.1953642e-02
   2.3553303e-02
   2.5256600e-02
   2.6707105e-02
   2.7736071e-02
   2.7969067e-02
   2.7589020e-02
   2.7024449e-02
   2.6069268e-02
   2.4645373e-02
   2.2875703e-02
   2.0740462e-02
   1.8410476e-02
   1.6143954e-02
   1.3809181e-02
   1.1225705e-02
   8.4764618e-03
   5.5502654e-03
   2.5542769e-03
  -2.7658667e-04
  -2.9214436e-03
  -5.3279845e-03
  -7.3679490e-03
  -8.9653718e-03
  -9.9793136e-03
  -1.0240577e-02
  -9.9434333e-03
  -9.4002879e-03
  -8.7126119e-03
  -8.1165376e-03
  -7.6022920e-03
  -7.0087327e-03
  -6.5640668e-03
  -6.4555489e-03
  -6.5160216e-03
  -6.5784137e-03
  -6.5357657e-03
  -6.1496403e-03
  -5.5830015e-03
  -5.1480671e-03
  -4.7460903e-03
  -4.3731265e-03
  -4.0400794e-03
  -3.6202064e-03
  -3.1847998e-03
  -2.8183469e-03
  -2.4219528e-03
  -1.9128776e-03
  -1.2555207e-03
  -3.6279964e-04
   6.5608536e-04
   1.6071960e-03
   2.4626927e-03
   3.1313955e-03
   3.6058306e-03
   3.9650973e-03
   4.1095518e-03
   3.9536986e-03
   3.5934113e-03
   3.1296522e-03
   2.6288761e-03
   2.2247866e-03
   1.8746293e-03
   1.4696603e-03
   1.0957595e-03
   8.0126998e-04
   5.5138099e-04
   3.4535398e-04
   1.4390486e-04
  -1.2642507e-04
  -3.9549099e-04
  -5.6189936e-04
  -6.3559823e-04
  -5.9084729e-04
  -4.5562076e-04
  -3.1605545e-04
  -1.6472816e-04
  -1.0554670e-05
   1.1795744e-04
   2.2012815e-04
   2.5271096e-04
   1.6316492e-04
   1.5731837e-06
  -1.5998135e-04
  -3.0286877e-04
  -3.7347779e-04
  -3.9477142e-04
  -4.3321846e-04
  -4.5215329e-04
  -4.3158205e-04
  -3.9174683e-04
  -3.3128012e-04
  -2.7230120e-04
  -2.5239774e-04
  -2.4484245e-04
  -2.1193515e-04
  -1.6164573e-04
  -8.5971171e-05
   6.3160244e-06
   8.5566334e-05
   1.5794723e-04
   2.2570849e-04
   2.7844665e-04
   3.1492133e-04
   3.2479622e-04
   2.9370773e-04
   2.3596131e-04
   1.7252658e-04
   1.0840404e-04
   5.8113288e-05
   1.8841676e-05
  -2.3186116e-05
  -5.5573284e-05
  -6.9269413e-05
  -7.2161821e-05
  -6.9295046e-05
  -6.6652748e-05
  -7.6498001e-05
  -9.0206539e-05
  -9.3033902e-05
  -8.9178733e-05
  -7.7853496e-05
  -5.9939287e-05
  -4.3397160e-05
  -2.5436184e-05
  -3.3986203e-06
   1.7901366e-05
   3.5259459e-05
   4.5735711e-05
   4.4178060e-05
   3.4967076e-05
   2.5825572e-05
   1.7252881e-05
   1.2774480e-05
   1.1138468e-05
   6.9687186e-06
   3.4837392e-06
   2.9483532e-06
   3.3976336e-06
   4.4786275e-06
   4.6455451e-06
   8.8706129e-07
  -4.4044108e-06
  -7.6457156e-06
  -9.3836943e-06
  -8.8081672e-06
  -6.4947356e-06
  -4.8959998e-06
  -3.3085184e-06
  -1.3617741e-06
   3.3666871e-07
   2.0512002e-06
   3.1416762e-06
   2.6634145e-06
   1.3738496e-06
   2.2842462e-07
  -6.5216166e-07
  -6.3902621e-07
  -9.7909344e-08
   1.0705816e-08
   5.2730746e-08
   1.6540230e-07
   2.0901030e-07
   4.2241714e-07
   5.7847367e-07
   3.4476025e-07
  -2.7844438e-08
  -2.9182674e-07
  -4.5912735e-07
  -3.9320623e-07
  -1.8541370e-07
  -7.7103907e-08
  -9.5610570e-10
   5.6071103e-08
   7.1281575e-08
   1.2240862e-07
   1.5981727e-07
   1.2150652e-07
   5.4446300e-08
  -1.0454251e-08
  -6.2417671e-08
  -6.0405066e-08
  -2.9258898e-08
  -1.8089339e-08
  -1.0735497e-08
  -6.5625460e-09
  -8.2254137e-09
   2.6840332e-09
   1.4304004e-08
   1.2387062e-08
   6.2659496e-09
   8.2188435e-10
  -4.2216356e-09
  -3.2894341e-09
   4.9160731e-10
   5.8276099e-10
  -6.8274324e-11
  -2.2848182e-10
  -8.2683521e-10
  -2.8184128e-10
   6.0965046e-10
   4.4431290e-10
   6.0026364e-11
  -8.0622247e-11
  -2.2484612e-10
  -1.4485448e-10
   6.1343299e-11
   6.7211942e-11
   2.0801894e-11
   1.4923654e-11
  -1.4023784e-11
  -1.5224962e-11
   3.5270703e-12
   1.7310615e-12
  -5.5183569e-13
   1.0937479e-12
  -3.6145762e-13
  -4.1394645e-13
   2.8812479e-13
   4.0944254e-14
  -7.1073516e-14
   7.1806737e-15
   6.4346813e-15
  -1.4510604e-15
